(2000, 2000), (4000, 2000), (4000, 4000), (2000, 4000)
(2605,3300),(2542,3290),(2554,3220),(2617,3230),(2605,3300)
(2450,2936),(2459,2883),(2542,2896),(2533,2950),(2450,2936)
(2735,2991),(2744,2937),(2838,2953),(2829,3007),(2735,2991)
(3200,2728),(3159,2768),(3129,2738),(3170,2697),(3200,2728)
(3047,2974),(3032,3067),(2940,3052),(2954,2960),(3047,2974)
(3030,2748),(3074,2704),(3108,2739),(3064,2782),(3030,2748)
(3191,3311),(3113,3298),(3123,3240),(3201,3253),(3191,3311)
(2897,3221),(2811,3206),(2820,3154),(2906,3169),(2897,3221)
(2639,2684),(2649,2625),(2708,2635),(2698,2694),(2639,2684)
(3271,3060),(3316,3016),(3348,3048),(3302,3092),(3271,3060)
(2735,2758),(2686,2749),(2693,2704),(2742,2712),(2735,2758)
(2789,2669),(2764,2644),(2805,2604),(2830,2629),(2789,2669)
(2600, 2600), (3200, 3400)