160000,160000,450000,160000,5684600,153900,5905000,160000
450000,160000,160000,160000,730200,164800,5684600,153900,5905000,160000,160000,450000
730200,164800,450000,160000,1032400,160800,5905000,160000,160000,450000,450000,450000
1032400,160800,730200,164800,1320000,160000,160000,450000,450000,450000,740000,450000
1320000,160000,1032400,160800,1610000,160000,450000,450000,740000,450000,1029300,445000
1610000,160000,1320000,160000,1898300,159000,740000,450000,1029300,445000,1320000,450000
1898300,159000,1610000,160000,2207000,149700,2054300,243900,2047500,307500,1029300,445000,1320000,450000,1610000,450000
2207000,149700,1898300,159000,2480000,160000,1610000,450000,1899800,450100
2054300,243900,1898300,159000
2047500,307500,1898300,159000,1320000,450000,1610000,450000
2480000,160000,2207000,149700,2770000,160000,1610000,450000,1899800,450100,2193800,456300
2770000,160000,2480000,160000,3059000,159400,1899800,450100,2193800,456300,2480000,450000
3059000,159400,2770000,160000,3346700,160700,2193800,456300,2480000,450000,2770000,450000
3346700,160700,3059000,159400,3647600,162400,2480000,450000,2770000,450000,3049000,443100
3647600,162400,3346700,160700,3930000,160000,2770000,450000,3049000,443100,3378700,436000
3930000,160000,3647600,162400,4210700,152700,3049000,443100,3378700,436000,3640000,450000
4210700,152700,3930000,160000,4508200,144000,3378700,436000,3640000,450000
4508200,144000,4210700,152700,4794000,155800,3930000,450000,4210300,446500
4794000,155800,4508200,144000,5107800,56100,5051200,258600,3930000,450000,4210300,446500,4513700,450100
5107800,56100,4794000,155800,5395500,118300
5051200,258600,4794000,155800,4210300,446500,4513700,450100
5395500,118300,5107800,56100,5273300,261400,4798300,458200,5084900,455700
5340000,210000,4798300,458200
5273300,261400,5395500,118300,5353100,275300,4798300,458200,5084900,455700,5376300,465300
5353100,275300,5273300,261400,5084900,455700,5376300,465300
5684600,153900,160000,160000,450000,160000,5905000,160000,5678500,452900,5909900,443900
5905000,160000,160000,160000,450000,160000,730200,164800,5684600,153900,160000,450000,5678500,452900,5909900,443900,160000,740000
160000,450000,450000,160000,730200,164800,1032400,160800,5905000,160000,450000,450000,5909900,443900,160000,740000,450700,740500
450000,450000,730200,164800,1032400,160800,1320000,160000,160000,450000,740000,450000,160000,740000,450700,740500,740000,740000
740000,450000,1032400,160800,1320000,160000,1610000,160000,450000,450000,1029300,445000,450700,740500,740000,740000,1030000,740000
1029300,445000,1320000,160000,1610000,160000,1898300,159000,740000,450000,1320000,450000,740000,740000,1030000,740000,1320000,740000
1320000,450000,1610000,160000,1898300,159000,2047500,307500,1029300,445000,1610000,450000,1030000,740000,1320000,740000,1610000,740000
1610000,450000,1898300,159000,2207000,149700,2047500,307500,2480000,160000,1320000,450000,1899800,450100,1320000,740000,1610000,740000,1900000,740000
1899800,450100,2207000,149700,2480000,160000,2770000,160000,1610000,450000,2193800,456300,1610000,740000,1900000,740000,2190000,740000
2193800,456300,2480000,160000,2770000,160000,3059000,159400,1899800,450100,2480000,450000,1900000,740000,2190000,740000,2475100,742100
2480000,450000,2770000,160000,3059000,159400,3346700,160700,2193800,456300,2770000,450000,2190000,740000,2475100,742100
2770000,450000,3059000,159400,3346700,160700,3647600,162400,2480000,450000,3049000,443100,2779500,750600,3404900,727500
3049000,443100,3346700,160700,3647600,162400,3930000,160000,2770000,450000,3378700,436000,2779500,750600,3404900,727500,3216200,795800
3378700,436000,3647600,162400,3930000,160000,4210700,152700,3049000,443100,3640000,450000,3404900,727500,3216200,795800,3380000,890000
3640000,450000,3930000,160000,4210700,152700,3378700,436000,3930000,450000,3216200,795800,3380000,890000,3643900,740600
3930000,450000,4508200,144000,4794000,155800,3640000,450000,4210300,446500,3924500,738400,4094100,595800
4210300,446500,4508200,144000,4794000,155800,5051200,258600,3930000,450000,4513700,450100,3924500,738400,4094100,595800,4220600,751600
4513700,450100,4794000,155800,5051200,258600,4210300,446500,4798300,458200,4094100,595800,4220600,751600,4511900,734100
4798300,458200,5395500,118300,5340000,210000,5273300,261400,4513700,450100,5084900,455700,4220600,751600,4511900,734100,5097100,719600
5084900,455700,5395500,118300,5273300,261400,5353100,275300,4798300,458200,5376300,465300,4782400,725800,5376900,728200
5376300,465300,5273300,261400,5353100,275300,5084900,455700,4782400,725800,5376900,728200
5678500,452900,5684600,153900,5905000,160000,5909900,443900,5679500,737200,5520000,620000
5909900,443900,5684600,153900,5905000,160000,160000,450000,5678500,452900,160000,740000,5679500,737200,5520000,620000,5905000,740000
160000,740000,5905000,160000,160000,450000,450000,450000,5909900,443900,450700,740500,5520000,620000,5905000,740000,161700,1011700
450700,740500,160000,450000,450000,450000,740000,450000,160000,740000,740000,740000,5905000,740000,161700,1011700,448500,1027200
740000,740000,450000,450000,740000,450000,1029300,445000,450700,740500,1030000,740000,161700,1011700,448500,1027200,740000,1030000
1030000,740000,740000,450000,1029300,445000,1320000,450000,740000,740000,1320000,740000,448500,1027200,740000,1030000,1030000,1030000
1320000,740000,1029300,445000,1320000,450000,1610000,450000,1030000,740000,1610000,740000,740000,1030000,1030000,1030000,1320000,1030000
1610000,740000,1320000,450000,1610000,450000,1899800,450100,1320000,740000,1900000,740000,1030000,1030000,1320000,1030000,1610000,1030000
1900000,740000,1610000,450000,1899800,450100,2193800,456300,1610000,740000,2190000,740000,1320000,1030000,1610000,1030000,1900000,1030000
2190000,740000,1899800,450100,2193800,456300,2480000,450000,1900000,740000,2475100,742100,1610000,1030000,1900000,1030000,2190000,1030000
2475100,742100,2193800,456300,2480000,450000,2190000,740000,3073100,753300,1900000,1030000,2190000,1030000,2470200,1033600,2763600,1033500
2779500,750600,2770000,450000,3049000,443100,3404900,727500,2914200,892800,3102400,1037100
3073100,753300,2475100,742100,2470200,1033600,2763600,1033500
3404900,727500,2770000,450000,3049000,443100,3378700,436000,2779500,750600,3216200,795800,2914200,892800,3102400,1037100,3231700,1055300
3216200,795800,3049000,443100,3378700,436000,3640000,450000,3404900,727500,3380000,890000,3643900,740600,3102400,1037100,3231700,1055300,3436700,1028800
3380000,890000,3378700,436000,3640000,450000,3216200,795800
3643900,740600,3640000,450000,3216200,795800,3924500,738400,3231700,1055300,3436700,1028800,3380000,900000
3924500,738400,3930000,450000,4210300,446500,3643900,740600,4094100,595800,3436700,1028800,3380000,900000,3638500,1026100
4094100,595800,3930000,450000,4210300,446500,4513700,450100,3924500,738400,4220600,751600,3380000,900000,3638500,1026100
4220600,751600,4210300,446500,4513700,450100,4798300,458200,4094100,595800,4511900,734100,3934300,1027400,4507100,1013300
4511900,734100,4513700,450100,4798300,458200,4220600,751600,4782400,725800,5097100,719600,3934300,1027400,4507100,1013300,4615000,1176600
4782400,725800,5084900,455700,5376300,465300,4511900,734100,5376900,728200,4507100,1013300,4615000,1176600,4799800,1027700
5097100,719600,4798300,458200,4511900,734100
5376900,728200,5084900,455700,5376300,465300,4782400,725800,4615000,1176600,4799800,1027700
5679500,737200,5678500,452900,5909900,443900,5520000,620000,5202300,1020100,5004300,1026400
5520000,620000,5678500,452900,5909900,443900,160000,740000,5679500,737200,5905000,740000,5202300,1020100,5004300,1026400,5380600,1045600
5905000,740000,5909900,443900,160000,740000,450700,740500,5520000,620000,161700,1011700,5004300,1026400,5380600,1045600,5687800,1028800
161700,1011700,160000,740000,450700,740500,740000,740000,5905000,740000,448500,1027200,5380600,1045600,5687800,1028800,5903700,1027900
448500,1027200,450700,740500,740000,740000,1030000,740000,161700,1011700,740000,1030000,5687800,1028800,5903700,1027900,153400,1334000
740000,1030000,740000,740000,1030000,740000,1320000,740000,448500,1027200,1030000,1030000,5903700,1027900,153400,1334000,459600,1318400
1030000,1030000,1030000,740000,1320000,740000,1610000,740000,740000,1030000,1320000,1030000,153400,1334000,459600,1318400,740000,1320000
1320000,1030000,1320000,740000,1610000,740000,1900000,740000,1030000,1030000,1610000,1030000,459600,1318400,740000,1320000,1030000,1320000
1610000,1030000,1610000,740000,1900000,740000,2190000,740000,1320000,1030000,1900000,1030000,740000,1320000,1030000,1320000,1607800,1319900
1900000,1030000,1900000,740000,2190000,740000,2475100,742100,1610000,1030000,2190000,1030000,2470200,1033600,1030000,1320000,1607800,1319900,1900000,1320000
2190000,1030000,2190000,740000,2475100,742100,1900000,1030000
2470200,1033600,2475100,742100,3073100,753300,1900000,1030000,2763600,1033500,1607800,1319900,1900000,1320000,2180500,1316800,2750700,1322000
2763600,1033500,2475100,742100,3073100,753300,2470200,1033600,2180500,1316800,2750700,1322000
2914200,892800,2779500,750600,3404900,727500,3102400,1037100
3102400,1037100,2779500,750600,3404900,727500,3216200,795800,2914200,892800,3231700,1055300,2975200,1225700,3126900,1348000,2921100,1462200
3231700,1055300,3404900,727500,3216200,795800,3643900,740600,3102400,1037100,3436700,1028800,3126900,1348000,2921100,1462200,3560000,1170000
3436700,1028800,3216200,795800,3643900,740600,3924500,738400,3231700,1055300,3380000,900000,2921100,1462200,3560000,1170000,3639600,1271300
3380000,900000,3643900,740600,3924500,738400,4094100,595800,3436700,1028800,3638500,1026100,3560000,1170000,3639600,1271300
3334200,1104200,3638500,1026100,3639600,1271300,3740000,1466100
3638500,1026100,3924500,738400,4094100,595800,3380000,900000,3334200,1104200,4219400,1031500,3639600,1271300,3740000,1466100,3785000,1470000
3934300,1027400,4220600,751600,4511900,734100,4507100,1013300,4214500,1312300,4519200,1304400
4219400,1031500,3638500,1026100,3740000,1466100,3785000,1470000
4507100,1013300,4220600,751600,4511900,734100,4782400,725800,3934300,1027400,4615000,1176600,4214500,1312300,4519200,1304400
4615000,1176600,4511900,734100,4782400,725800,5376900,728200,4507100,1013300,4799800,1027700,4782700,1233600,4807300,1428300
4799800,1027700,4782400,725800,5376900,728200,4615000,1176600,4782700,1233600,4807300,1428300
5202300,1020100,5679500,737200,5520000,620000,5004300,1026400,4949600,1211500,5112500,1329400
5004300,1026400,5679500,737200,5520000,620000,5905000,740000,5202300,1020100,5380600,1045600,4949600,1211500,5112500,1329400,5377000,1327200
5380600,1045600,5520000,620000,5905000,740000,161700,1011700,5004300,1026400,5687800,1028800,5112500,1329400,5377000,1327200,5684000,1308900
5687800,1028800,5905000,740000,161700,1011700,448500,1027200,5380600,1045600,5903700,1027900,5377000,1327200,5684000,1308900,5902800,1323100
5903700,1027900,161700,1011700,448500,1027200,740000,1030000,5687800,1028800,153400,1334000,5684000,1308900,5902800,1323100,165200,1608300
153400,1334000,448500,1027200,740000,1030000,1030000,1030000,5903700,1027900,459600,1318400,5902800,1323100,165200,1608300,751800,1601100
459600,1318400,740000,1030000,1030000,1030000,1320000,1030000,153400,1334000,740000,1320000,165200,1608300,751800,1601100,1029900,1608500
740000,1320000,1030000,1030000,1320000,1030000,1610000,1030000,459600,1318400,1030000,1320000,1320000,1320000,751800,1601100,1029900,1608500
1030000,1320000,1320000,1030000,1610000,1030000,1900000,1030000,740000,1320000,1607800,1319900,1573600,1589700,1760000,1680000
1320000,1320000,740000,1320000
1607800,1319900,1610000,1030000,1900000,1030000,2470200,1033600,1030000,1320000,1900000,1320000,2495000,1312200,2330000,1400000,1573600,1589700,1760000,1680000,1901400,1591500
1900000,1320000,1900000,1030000,2470200,1033600,1607800,1319900
2180500,1316800,2470200,1033600,2763600,1033500,2750700,1322000,1901400,1591500,2174700,1525800
2495000,1312200,1607800,1319900
2330000,1400000,1607800,1319900,1760000,1680000,1901400,1591500
2750700,1322000,2470200,1033600,2763600,1033500,2180500,1316800,3126900,1348000,1901400,1591500,2174700,1525800
2975200,1225700,3102400,1037100
3126900,1348000,3102400,1037100,3231700,1055300,2750700,1322000,2921100,1462200
2914600,1357300,3325200,1311200,2147100,1755700,3060800,1616700
2921100,1462200,3102400,1037100,3231700,1055300,3436700,1028800,3126900,1348000,3560000,1170000,2770700,1604600
3325200,1311200,2914600,1357300,2147100,1755700,3060800,1616700
3560000,1170000,3231700,1055300,3436700,1028800,3380000,900000,2921100,1462200,3639600,1271300,3235800,1524000
3639600,1271300,3436700,1028800,3380000,900000,3334200,1104200,3638500,1026100,3560000,1170000,3740000,1466100,3926900,1288000,3344800,1704600,3667300,1583300
3740000,1466100,3334200,1104200,3638500,1026100,4219400,1031500,3639600,1271300,3785000,1470000
3926900,1288000,3639600,1271300,4214500,1312300,3344800,1704600,3667300,1583300,3764200,1754200
3785000,1470000,3638500,1026100,4219400,1031500,3740000,1466100
4214500,1312300,3934300,1027400,4507100,1013300,3926900,1288000,4519200,1304400,3667300,1583300,3764200,1754200
4519200,1304400,3934300,1027400,4507100,1013300,4214500,1312300,4782700,1233600,3940000,1471600,3936500,1644700
4782700,1233600,4615000,1176600,4799800,1027700,4519200,1304400,4807300,1428300,3940000,1471600,3936500,1644700,3990000,1515000,4223200,1612000
4807300,1428300,4615000,1176600,4799800,1027700,4782700,1233600,3936500,1644700,4223200,1612000
4949600,1211500,5202300,1020100,5004300,1026400,5112500,1329400,4502100,1619600,5075000,1622200
5112500,1329400,5202300,1020100,5004300,1026400,5380600,1045600,4949600,1211500,5377000,1327200,4502100,1619600,5075000,1622200,5393700,1621500
5377000,1327200,5004300,1026400,5380600,1045600,5687800,1028800,5112500,1329400,5684000,1308900,5075000,1622200,5393700,1621500,5669400,1623700
5684000,1308900,5380600,1045600,5687800,1028800,5903700,1027900,5377000,1327200,5902800,1323100,5393700,1621500,5669400,1623700,5685000,1460000
5902800,1323100,5687800,1028800,5903700,1027900,153400,1334000,5684000,1308900,165200,1608300,5669400,1623700,5685000,1460000
165200,1608300,5903700,1027900,153400,1334000,459600,1318400,5902800,1323100,751800,1601100,227000,1841900
446500,1609400,751800,1601100
751800,1601100,153400,1334000,459600,1318400,740000,1320000,165200,1608300,446500,1609400,1029900,1608500,1315800,1602400,32900,1974800,451400,1898500
1029900,1608500,459600,1318400,740000,1320000,751800,1601100
1315800,1602400,751800,1601100,32900,1974800,451400,1898500
1573600,1589700,1030000,1320000,1607800,1319900,1760000,1680000,734100,1902000,1199300,1815800
1760000,1680000,1030000,1320000,1607800,1319900,2330000,1400000,1573600,1589700,1901400,1591500,734100,1902000,1199300,1815800,1307700,1901600
1901400,1591500,1607800,1319900,2180500,1316800,2330000,1400000,2750700,1322000,1760000,1680000,2174700,1525800,2044200,1747100,1199300,1815800,1307700,1901600,1342200,2022400
2174700,1525800,2180500,1316800,2750700,1322000,1901400,1591500
2044200,1747100,1901400,1591500,2147100,1755700,1307700,1901600,1342200,2022400
2147100,1755700,2914600,1357300,3325200,1311200,2044200,1747100,3060800,1616700
2542500,1572600,3060800,1616700,1620900,1939500,1908600,1902700
2770700,1604600,2921100,1462200
3060800,1616700,2914600,1357300,3325200,1311200,2147100,1755700,2542500,1572600,3235800,1524000,1620900,1939500,1908600,1902700,2186000,1923200
3235800,1524000,3560000,1170000,3060800,1616700,3344800,1704600,1908600,1902700,2186000,1923200,2145200,1770000
3344800,1704600,3639600,1271300,3926900,1288000,3235800,1524000,3667300,1583300,2186000,1923200,2145200,1770000,2449600,1909000
3667300,1583300,3639600,1271300,3926900,1288000,4214500,1312300,3344800,1704600,3764200,1754200,2145200,1770000,2449600,1909000,2618600,1938200
3764200,1754200,3926900,1288000,4214500,1312300,3667300,1583300,3940000,1471600,2449600,1909000,2618600,1938200,2786600,1898600
3940000,1471600,4519200,1304400,4782700,1233600,3764200,1754200,3936500,1644700,2618600,1938200,2786600,1898600,3029900,1906800
3936500,1644700,4519200,1304400,4782700,1233600,4807300,1428300,3940000,1471600,4223200,1612000,2786600,1898600,3029900,1906800,3371100,1893400
3990000,1515000,4782700,1233600
4223200,1612000,4782700,1233600,4807300,1428300,3936500,1644700,3029900,1906800,3371100,1893400
4502100,1619600,4949600,1211500,5112500,1329400,5075000,1622200
4801700,1617800,3648900,1924200
5075000,1622200,4949600,1211500,5112500,1329400,5377000,1327200,4502100,1619600,5393700,1621500,4218700,1894700,4510000,1900000
5393700,1621500,5112500,1329400,5377000,1327200,5684000,1308900,5075000,1622200,5669400,1623700,4218700,1894700,4510000,1900000,4800000,1900000
5669400,1623700,5377000,1327200,5684000,1308900,5902800,1323100,5393700,1621500,5685000,1460000,5905000,1610000,4510000,1900000,4800000,1900000,5090000,1900000
5685000,1460000,5684000,1308900,5902800,1323100,5669400,1623700
5905000,1610000,5669400,1623700,227000,1841900,4800000,1900000,5090000,1900000,5670000,1900000
227000,1841900,165200,1608300,5905000,1610000,32900,1974800,5090000,1900000,5670000,1900000,5905000,1900000
32900,1974800,751800,1601100,1315800,1602400,227000,1841900,451400,1898500,130000,2254500,254200,2115700
451400,1898500,751800,1601100,1315800,1602400,32900,1974800,734100,1902000,130000,2254500,254200,2115700,310000,2130000,460500,2195300
734100,1902000,1573600,1589700,1760000,1680000,451400,1898500,1199300,1815800,310000,2130000,460500,2195300
1009300,1881700,1199300,1815800
1199300,1815800,1573600,1589700,1760000,1680000,1901400,1591500,734100,1902000,1009300,1881700,1307700,1901600,1046000,2137500,1428000,2235500
1307700,1901600,1760000,1680000,1901400,1591500,2044200,1747100,1199300,1815800,1342200,2022400,1046000,2137500,1428000,2235500
1342200,2022400,1901400,1591500,2044200,1747100,1307700,1901600,1620900,1939500,1227500,2275500,1473800,2068000
1620900,1939500,2542500,1572600,3060800,1616700,1342200,2022400,1908600,1902700,1227500,2275500,1473800,2068000,1687200,2168700
1908600,1902700,2542500,1572600,3060800,1616700,3235800,1524000,1620900,1939500,2186000,1923200,1473800,2068000,1687200,2168700,1918800,2244400
2186000,1923200,3060800,1616700,3235800,1524000,3344800,1704600,1908600,1902700,2145200,1770000,1687200,2168700,1918800,2244400,2082100,2209900
2145200,1770000,3235800,1524000,3344800,1704600,3667300,1583300,2186000,1923200,2449600,1909000,1918800,2244400,2082100,2209900,2320200,2159300
2449600,1909000,3344800,1704600,3667300,1583300,3764200,1754200,2145200,1770000,2618600,1938200,2082100,2209900,2320200,2159300,2402400,2154900
2618600,1938200,3667300,1583300,3764200,1754200,3940000,1471600,2449600,1909000,2786600,1898600,2320200,2159300,2402400,2154900,2579900,2270300
2786600,1898600,3764200,1754200,3940000,1471600,3936500,1644700,2618600,1938200,3029900,1906800,2402400,2154900,2579900,2270300,2816700,2117000
3029900,1906800,3940000,1471600,3936500,1644700,4223200,1612000,2786600,1898600,3371100,1893400,2579900,2270300,2816700,2117000,2747100,2284200
3371100,1893400,3936500,1644700,4223200,1612000,3029900,1906800,2816700,2117000,2747100,2284200
3648900,1924200,4801700,1617800,4218700,1894700,3042800,2188500,3393900,2211400
3929200,1899000,4218700,1894700
4218700,1894700,5075000,1622200,5393700,1621500,3648900,1924200,3929200,1899000,4510000,1900000,3042800,2188500,3393900,2211400,3630000,2181900
4510000,1900000,5075000,1622200,5393700,1621500,5669400,1623700,4218700,1894700,4800000,1900000,3393900,2211400,3630000,2181900
4800000,1900000,5393700,1621500,5669400,1623700,5905000,1610000,4510000,1900000,5090000,1900000,5380000,1900000,3936800,2155400,3810000,2331000
5090000,1900000,5669400,1623700,5905000,1610000,227000,1841900,4800000,1900000,5670000,1900000
5380000,1900000,4800000,1900000,3936800,2155400,3810000,2331000
5670000,1900000,5905000,1610000,227000,1841900,5090000,1900000
5905000,1900000,227000,1841900,130000,2254500,4225200,2200100,4510000,2190000
130000,2254500,32900,1974800,451400,1898500,5905000,1900000,254200,2115700,4225200,2200100,4510000,2190000,4796700,2189300
254200,2115700,32900,1974800,451400,1898500,130000,2254500,4510000,2190000,4796700,2189300
310000,2130000,451400,1898500,734100,1902000,460500,2195300,5107500,2183000,5380000,2190000
460500,2195300,451400,1898500,734100,1902000,310000,2130000,5107500,2183000,5380000,2190000
706300,2158600,1312100,2057500,5380000,2190000,5905000,2190000
1046000,2137500,1199300,1815800,1307700,1901600,1428000,2235500
1312100,2057500,706300,2158600,1428000,2235500,5380000,2190000,5905000,2190000,450000,2480000
1428000,2235500,1199300,1815800,1307700,1901600,1046000,2137500,1312100,2057500,1227500,2275500,5905000,2190000,450000,2480000,1176600,2333300
1227500,2275500,1342200,2022400,1620900,1939500,1428000,2235500,1473800,2068000,450000,2480000,1176600,2333300,1088400,2575300
1473800,2068000,1342200,2022400,1620900,1939500,1908600,1902700,1227500,2275500,1687200,2168700,1476400,2260100,1176600,2333300,1088400,2575300,1327000,2451200
1687200,2168700,1620900,1939500,1908600,1902700,2186000,1923200,1473800,2068000,1918800,2244400,1425000,2330000,1649800,2529100
1476400,2260100,1473800,2068000,1088400,2575300,1327000,2451200
1918800,2244400,1908600,1902700,2186000,1923200,2145200,1770000,1687200,2168700,2082100,2209900,1425000,2330000,1649800,2529100,2455300,2460800
2082100,2209900,2186000,1923200,2145200,1770000,2449600,1909000,1918800,2244400,2320200,2159300,1649800,2529100,2455300,2460800,2612300,2621500
2320200,2159300,2145200,1770000,2449600,1909000,2618600,1938200,2082100,2209900,2402400,2154900,2455300,2460800,2612300,2621500,2794600,2467700
2402400,2154900,2449600,1909000,2618600,1938200,2786600,1898600,2320200,2159300,2579900,2270300,2612300,2621500,2794600,2467700,2635800,2621600
2579900,2270300,2618600,1938200,2786600,1898600,3029900,1906800,2402400,2154900,2816700,2117000,2794600,2467700,2635800,2621600,3084000,2473000
2816700,2117000,2786600,1898600,3029900,1906800,3371100,1893400,2579900,2270300,2747100,2284200,2635800,2621600,3084000,2473000,3010000,2630000
2747100,2284200,3029900,1906800,3371100,1893400,2816700,2117000,3084000,2473000,3010000,2630000
3042800,2188500,3648900,1924200,4218700,1894700,3393900,2211400,3330500,2467200,3646000,2476700
3393900,2211400,3648900,1924200,4218700,1894700,4510000,1900000,3042800,2188500,3630000,2181900,3330500,2467200,3646000,2476700,3821100,2477900
3630000,2181900,4218700,1894700,4510000,1900000,3393900,2211400,3646000,2476700,3821100,2477900
3936800,2155400,4800000,1900000,5380000,1900000,3810000,2331000
3810000,2331000,4800000,1900000,5380000,1900000,3936800,2155400,4225200,2200100,3951300,2560800,4255600,2383500
4225200,2200100,5905000,1900000,130000,2254500,3810000,2331000,4510000,2190000,3951300,2560800,4255600,2383500,4311600,2590000
4510000,2190000,5905000,1900000,130000,2254500,254200,2115700,4225200,2200100,4796700,2189300,4255600,2383500,4311600,2590000,4085000,2620000
4796700,2189300,130000,2254500,254200,2115700,4510000,2190000,4511600,2479800
5107500,2183000,310000,2130000,460500,2195300,5380000,2190000
5380000,2190000,310000,2130000,460500,2195300,706300,2158600,1312100,2057500,5107500,2183000,5905000,2190000,5380000,2480000
5670000,2190000,160000,2480000,5380000,2480000,5670000,2480000
5905000,2190000,706300,2158600,1312100,2057500,1428000,2235500,5380000,2190000,450000,2480000,5905000,2480000,160000,2770000
160000,2480000,5670000,2190000,5380000,2480000,5670000,2480000
450000,2480000,1312100,2057500,1428000,2235500,1227500,2275500,5905000,2190000,1176600,2333300,5905000,2480000,160000,2770000,450000,2770000,728700,2782700,1024800,2802900
667200,2483800,160000,2770000
1176600,2333300,1428000,2235500,1227500,2275500,1473800,2068000,450000,2480000,1088400,2575300,728700,2782700,1024800,2802900,1463300,2626600
1088400,2575300,1227500,2275500,1473800,2068000,1476400,2260100,1176600,2333300,1327000,2451200,1297700,2807700
1327000,2451200,1473800,2068000,1476400,2260100,1088400,2575300,1297700,2807700
1425000,2330000,1687200,2168700,1918800,2244400,1649800,2529100,1900500,2469400
1490000,2330000,2336800,2395400,1470000,2855000,1645000,2920000
1649800,2529100,1687200,2168700,1918800,2244400,2082100,2209900,1425000,2330000,2455300,2460800
1900500,2469400,1425000,2330000
2143500,2477700,2455300,2460800,1645000,2920000,1771700,2799900
2336800,2395400,1490000,2330000,1470000,2855000,1645000,2920000
2455300,2460800,1918800,2244400,2082100,2209900,2320200,2159300,1649800,2529100,2143500,2477700,2612300,2621500,1645000,2920000,1771700,2799900,1988800,2755900
2612300,2621500,2082100,2209900,2320200,2159300,2402400,2154900,2455300,2460800,2794600,2467700,1771700,2799900,1988800,2755900,2190000,2620000
2794600,2467700,2320200,2159300,2402400,2154900,2579900,2270300,2612300,2621500,2635800,2621600,1988800,2755900,2190000,2620000,2045300,2803100
2635800,2621600,2402400,2154900,2579900,2270300,2816700,2117000,2794600,2467700,3084000,2473000,2190000,2620000,2045300,2803100,2197600,2778500
3084000,2473000,2579900,2270300,2816700,2117000,2747100,2284200,2635800,2621600,3010000,2630000,2045300,2803100,2197600,2778500,2336200,2900000
3010000,2630000,2816700,2117000,2747100,2284200,3084000,2473000,2197600,2778500,2336200,2900000
3330500,2467200,3042800,2188500,3393900,2211400,3646000,2476700,2476500,2757200,2654300,2704600
3646000,2476700,3042800,2188500,3393900,2211400,3630000,2181900,3330500,2467200,3821100,2477900,2476500,2757200,2654300,2704600,2841800,2725900
3821100,2477900,3393900,2211400,3630000,2181900,3646000,2476700,4008600,2407700,2654300,2704600,2841800,2725900,2741400,2847800,2843900,2912000
4008600,2407700,3821100,2477900,4039600,2620700,2741400,2847800,2843900,2912000,3026400,2782800
3951300,2560800,3810000,2331000,4225200,2200100,4255600,2383500
4039600,2620700,4008600,2407700,2843900,2912000,3026400,2782800
4255600,2383500,3810000,2331000,4225200,2200100,4510000,2190000,3951300,2560800,4311600,2590000,3112000,2623900,3368200,2759500
4073300,2468300,3112000,2623900
4311600,2590000,4225200,2200100,4510000,2190000,4255600,2383500,3112000,2623900,3368200,2759500
4085000,2620000,4510000,2190000,4800000,2480000,3368200,2759500,3340000,2620000
4511600,2479800,4796700,2189300
4800000,2480000,4085000,2620000,3368200,2759500,3340000,2620000
5090000,2480000,5380000,2480000,3254000,2903100,3649000,2761600
5380000,2480000,5380000,2190000,5670000,2190000,160000,2480000,5090000,2480000,5670000,2480000,3254000,2903100,3649000,2761600
5670000,2480000,5670000,2190000,160000,2480000,5380000,2480000
5905000,2480000,5905000,2190000,450000,2480000,160000,2770000
160000,2770000,5905000,2190000,450000,2480000,667200,2483800,5905000,2480000,1254900,2841600,4032500,2705300,4230100,2776700
450000,2770000,450000,2480000
728700,2782700,450000,2480000,1176600,2333300,1024800,2802900
1024800,2802900,450000,2480000,1176600,2333300,728700,2782700,1297700,2807700
1463300,2626600,1176600,2333300
1254900,2841600,160000,2770000,4032500,2705300,4230100,2776700
1297700,2807700,1088400,2575300,1327000,2451200,1024800,2802900,1660700,2724200,4505300,2748200,4801700,2746000
1470000,2855000,1490000,2330000,2336800,2395400,1645000,2920000
1660700,2724200,1297700,2807700,4505300,2748200,4801700,2746000
1496200,2831600,1645000,2920000,5106100,2737800,5380000,2770000
1645000,2920000,1490000,2330000,2143500,2477700,2336800,2395400,2455300,2460800,1470000,2855000,1496200,2831600,1771700,2799900,5106100,2737800,5380000,2770000,5670000,2770000
1771700,2799900,2143500,2477700,2455300,2460800,2612300,2621500,1645000,2920000,1988800,2755900,5380000,2770000,5670000,2770000
1988800,2755900,2455300,2460800,2612300,2621500,2794600,2467700,1771700,2799900,2190000,2620000,157800,3059500,446700,3062000
2190000,2620000,2612300,2621500,2794600,2467700,2635800,2621600,1988800,2755900,2045300,2803100,157800,3059500,446700,3062000,605800,2918300,750500,3069300
2045300,2803100,2794600,2467700,2635800,2621600,3084000,2473000,2190000,2620000,2197600,2778500,605800,2918300,750500,3069300,1028700,3061900
2197600,2778500,2635800,2621600,3084000,2473000,3010000,2630000,2045300,2803100,2336200,2900000,750500,3069300,1028700,3061900,1314900,3064400
2336200,2900000,3084000,2473000,3010000,2630000,2197600,2778500,1028700,3061900,1314900,3064400
2476500,2757200,3330500,2467200,3646000,2476700,2654300,2704600,1679600,2965500,1495400,3113800
2654300,2704600,3330500,2467200,3646000,2476700,3821100,2477900,2476500,2757200,2841800,2725900,2741400,2847800,1679600,2965500,1495400,3113800,1921600,3034000
2841800,2725900,3646000,2476700,3821100,2477900,2654300,2704600
2741400,2847800,3821100,2477900,4008600,2407700,2654300,2704600,2843900,2912000,1495400,3113800,1921600,3034000,2158300,3098200
2843900,2912000,3821100,2477900,4008600,2407700,4039600,2620700,2741400,2847800,3026400,2782800,1921600,3034000,2158300,3098200,2336600,2913300
3026400,2782800,4008600,2407700,4039600,2620700,2843900,2912000,3196900,2644700,2158300,3098200,2336600,2913300,2138100,2971800
3112000,2623900,4255600,2383500,4073300,2468300,4311600,2590000,3368200,2759500
3196900,2644700,3026400,2782800,2336600,2913300,2138100,2971800
3368200,2759500,4255600,2383500,4311600,2590000,4085000,2620000,4800000,2480000,3112000,2623900,3340000,2620000,2412600,3039800,2836300,2963000
3340000,2620000,4085000,2620000,4800000,2480000,3368200,2759500,3649000,2761600,2412600,3039800,2836300,2963000,2663100,2987100
3254000,2903100,5090000,2480000,5380000,2480000,3649000,2761600
3649000,2761600,5090000,2480000,5380000,2480000,3340000,2620000,3254000,2903100,2877700,3178800
3515000,2920000,4049200,2890900,3157700,3084100,3067300,3175700
4032500,2705300,160000,2770000,1254900,2841600,4230100,2776700
3832400,2817700,3067300,3175700
4049200,2890900,3515000,2920000,3157700,3084100,3067300,3175700
4230100,2776700,160000,2770000,1254900,2841600,4032500,2705300
4505300,2748200,1297700,2807700,1660700,2724200,4801700,2746000
4801700,2746000,1297700,2807700,1660700,2724200,4505300,2748200
5106100,2737800,1496200,2831600,1645000,2920000,5380000,2770000
5380000,2770000,1496200,2831600,1645000,2920000,1771700,2799900,5106100,2737800,5670000,2770000
5670000,2770000,1645000,2920000,1771700,2799900,5380000,2770000
5905000,2770000,157800,3059500,3361800,3071400,3496600,3206600
157800,3059500,1988800,2755900,2190000,2620000,5905000,2770000,446700,3062000,605800,2918300,3361800,3071400,3496600,3206600,3753500,3013300
446700,3062000,1988800,2755900,2190000,2620000,157800,3059500
605800,2918300,2190000,2620000,2045300,2803100,157800,3059500,750500,3069300,3496600,3206600,3753500,3013300,3505000,2950000
750500,3069300,2190000,2620000,2045300,2803100,2197600,2778500,605800,2918300,1028700,3061900,3753500,3013300,3505000,2950000,3572200,3123800
1028700,3061900,2045300,2803100,2197600,2778500,2336200,2900000,750500,3069300,1314900,3064400,3505000,2950000,3572200,3123800,3523000,3206100
1314900,3064400,2197600,2778500,2336200,2900000,1028700,3061900,3572200,3123800,3523000,3206100
1679600,2965500,2476500,2757200,2654300,2704600,1495400,3113800,3799700,3028700,4006400,2994600
1495400,3113800,2476500,2757200,2654300,2704600,2741400,2847800,1679600,2965500,1921600,3034000,3799700,3028700,4006400,2994600,3918000,3185500
1921600,3034000,2654300,2704600,2741400,2847800,2843900,2912000,1495400,3113800,2158300,3098200,4006400,2994600,3918000,3185500,4231400,2996700
2158300,3098200,2741400,2847800,2843900,2912000,3026400,2782800,1921600,3034000,2336600,2913300,3918000,3185500,4231400,2996700,4137500,3172200
2336600,2913300,2843900,2912000,3026400,2782800,3196900,2644700,2158300,3098200,2138100,2971800,4231400,2996700,4137500,3172200,4397900,2995400
2138100,2971800,3026400,2782800,3196900,2644700,2336600,2913300,2596800,2981300,4137500,3172200,4397900,2995400,4575000,2965000
2412600,3039800,3368200,2759500,3340000,2620000,2836300,2963000
2596800,2981300,2138100,2971800,4397900,2995400,4575000,2965000
2836300,2963000,3368200,2759500,3340000,2620000,2412600,3039800,3106800,2951100,4692000,2953000
2663100,2987100,3340000,2620000
2877700,3178800,3649000,2761600
3106800,2951100,2836300,2963000,4692000,2953000
3157700,3084100,3515000,2920000,4049200,2890900,3067300,3175700
3067300,3175700,3515000,2920000,3832400,2817700,4049200,2890900,3157700,3084100,2913000,3186000,5376500,3058100
2913000,3186000,3067300,3175700
3236700,2940300,3485900,2957200
3485900,2957200,3236700,2940300,3232200,3073600,5668500,3055600,5905000,3060000
3361800,3071400,5905000,2770000,157800,3059500,3496600,3206600,160000,3350000,450000,3350000
3232200,3073600,3485900,2957200,5668500,3055600,5905000,3060000
3496600,3206600,5905000,2770000,157800,3059500,605800,2918300,3361800,3071400,3753500,3013300,160000,3350000,450000,3350000
3753500,3013300,157800,3059500,605800,2918300,750500,3069300,3496600,3206600,3505000,2950000,1030000,3350000,1320000,3350000
3505000,2950000,605800,2918300,750500,3069300,1028700,3061900,3753500,3013300,3572200,3123800,1030000,3350000,1320000,3350000,1578900,3383000
3572200,3123800,750500,3069300,1028700,3061900,1314900,3064400,3505000,2950000,3523000,3206100,1320000,3350000,1578900,3383000,1983200,3238600
3523000,3206100,1028700,3061900,1314900,3064400,3572200,3123800,1578900,3383000,1983200,3238600
3799700,3028700,1679600,2965500,1495400,3113800,4006400,2994600,1871200,3439700,2043300,3386600
4006400,2994600,1679600,2965500,1495400,3113800,1921600,3034000,3799700,3028700,3918000,3185500,1871200,3439700,2043300,3386600,2232300,3318700
3918000,3185500,1495400,3113800,1921600,3034000,2158300,3098200,4006400,2994600,4231400,2996700,2043300,3386600,2232300,3318700,2255000,3200000
4231400,2996700,1921600,3034000,2158300,3098200,2336600,2913300,3918000,3185500,4137500,3172200,2232300,3318700,2255000,3200000,2050000,3387100
4137500,3172200,2158300,3098200,2336600,2913300,2138100,2971800,4231400,2996700,4397900,2995400,2255000,3200000,2050000,3387100,2465000,3203300
4397900,2995400,2336600,2913300,2138100,2971800,2596800,2981300,4137500,3172200,4575000,2965000,2050000,3387100,2465000,3203300,2438700,3392000
4575000,2965000,2138100,2971800,2596800,2981300,4397900,2995400,4607000,3122200,2465000,3203300,2438700,3392000,2886800,3245500
4607000,3122200,4575000,2965000,2438700,3392000,2886800,3245500
4831700,3084600,4956600,2911600,2886800,3245500,2732200,3381100
4692000,2953000,2836300,2963000,3106800,2951100,5107200,3088200,2685000,3480000,3375000,3475000
4956600,2911600,4831700,3084600,2886800,3245500,2732200,3381100
5107200,3088200,4692000,2953000,5376500,3058100,3375000,3475000
5376500,3058100,3067300,3175700,5107200,3088200
5668500,3055600,3485900,2957200,3232200,3073600,5905000,3060000
5905000,3060000,3485900,2957200,3232200,3073600,5668500,3055600,3953200,3274400
160000,3350000,3361800,3071400,3496600,3206600,450000,3350000
450000,3350000,3361800,3071400,3496600,3206600,160000,3350000
740000,3350000,1030000,3350000
1030000,3350000,3753500,3013300,3505000,2950000,740000,3350000,1320000,3350000,4230600,3389200,4639400,3322200
1320000,3350000,3753500,3013300,3505000,2950000,3572200,3123800,1030000,3350000,1578900,3383000,4230600,3389200,4639400,3322200,4444500,3392600
1578900,3383000,3505000,2950000,3572200,3123800,3523000,3206100,1320000,3350000,1983200,3238600,4639400,3322200,4444500,3392600,4769800,3343400,5099500,3346900
1983200,3238600,3572200,3123800,3523000,3206100,1578900,3383000,4769800,3343400,5099500,3346900,5380500,3351300
1871200,3439700,3799700,3028700,4006400,2994600,2043300,3386600,5666900,3343300,5901500,3354400
2043300,3386600,3799700,3028700,4006400,2994600,3918000,3185500,1871200,3439700,2232300,3318700,5666900,3343300,5901500,3354400,160000,3640000
2232300,3318700,4006400,2994600,3918000,3185500,4231400,2996700,2043300,3386600,2255000,3200000,5901500,3354400,160000,3640000,450000,3640000
2255000,3200000,3918000,3185500,4231400,2996700,4137500,3172200,2232300,3318700,2050000,3387100,160000,3640000,450000,3640000,740000,3640000
2050000,3387100,4231400,2996700,4137500,3172200,4397900,2995400,2255000,3200000,2465000,3203300,450000,3640000,740000,3640000,1030000,3640000
2465000,3203300,4137500,3172200,4397900,2995400,4575000,2965000,2050000,3387100,2438700,3392000,740000,3640000,1030000,3640000,1320000,3640000
2438700,3392000,4397900,2995400,4575000,2965000,4607000,3122200,2465000,3203300,2886800,3245500,1030000,3640000,1320000,3640000,1610000,3640000,1877300,3658000
2886800,3245500,4575000,2965000,4607000,3122200,4831700,3084600,4956600,2911600,2438700,3392000,2732200,3381100,3430800,3279000,3263500,3322800,1610000,3640000,1877300,3658000,2174200,3686100
2732200,3381100,4831700,3084600,4956600,2911600,2886800,3245500
2685000,3480000,4692000,2953000
3063900,3334400,3375000,3475000
3430800,3279000,2886800,3245500
3200000,3265000,3375000,3475000,2332000,3786000,2347700,3785500
3263500,3322800,2886800,3245500,1877300,3658000,2174200,3686100
3375000,3475000,4692000,2953000,5107200,3088200,3063900,3334400,3200000,3265000,3522400,3247200,2332000,3786000,2347700,3785500,2685000,3495000,2778000,3662700
3522400,3247200,3375000,3475000,2685000,3495000,2778000,3662700
3750200,3449000,3953200,3274400
3953200,3274400,5905000,3060000,3750200,3449000,3794200,3441500,3143700,3582500
4080000,3385000,4230600,3389200
3794200,3441500,3953200,3274400,4230600,3389200,3177700,3581100,3195000,3725000,3021400,3761900
4120000,3200000,4230600,3389200
4230600,3389200,1030000,3350000,1320000,3350000,4080000,3385000,3794200,3441500,4120000,3200000,4639400,3322200,3195000,3725000,3021400,3761900
4639400,3322200,1030000,3350000,1320000,3350000,1578900,3383000,4230600,3389200,4444500,3392600,3200000,3780000,3375000,3490000
4444500,3392600,1320000,3350000,1578900,3383000,4639400,3322200,5380500,3351300,3200000,3780000,3375000,3490000,3210000,3725000,3423800,3757700
4769800,3343400,1578900,3383000,1983200,3238600,5099500,3346900
5099500,3346900,1578900,3383000,1983200,3238600,4769800,3343400
5380500,3351300,1983200,3238600,4444500,3392600,3210000,3725000,3423800,3757700
5666900,3343300,1871200,3439700,2043300,3386600,5901500,3354400,3218500,3780700,3750900,3497600
5901500,3354400,1871200,3439700,2043300,3386600,2232300,3318700,5666900,3343300,160000,3640000,3218500,3780700,3750900,3497600,3648700,3706800
160000,3640000,2043300,3386600,2232300,3318700,2255000,3200000,5901500,3354400,450000,3640000,3750900,3497600,3648700,3706800,3788000,3494000
450000,3640000,2232300,3318700,2255000,3200000,2050000,3387100,160000,3640000,740000,3640000,3648700,3706800,3788000,3494000,4031800,3724600
740000,3640000,2255000,3200000,2050000,3387100,2465000,3203300,450000,3640000,1030000,3640000,3788000,3494000,4031800,3724600,4282100,3522600
1030000,3640000,2050000,3387100,2465000,3203300,2438700,3392000,740000,3640000,1320000,3640000,4031800,3724600,4282100,3522600,4243000,3655200
1320000,3640000,2465000,3203300,2438700,3392000,1030000,3640000,1877300,3658000,4282100,3522600,4243000,3655200,4086400,3664000
1610000,3640000,2438700,3392000,2886800,3245500,1877300,3658000
1877300,3658000,2438700,3392000,2886800,3245500,3263500,3322800,1320000,3640000,1610000,3640000,2174200,3686100,2490400,3624600,4243000,3655200,4086400,3664000,4072500,3757500
2174200,3686100,2886800,3245500,3263500,3322800,1877300,3658000
2332000,3786000,3200000,3265000,3375000,3475000,2347700,3785500
2490400,3624600,1877300,3658000,4086400,3664000,4072500,3757500
2347700,3785500,3200000,3265000,3375000,3475000,2332000,3786000
2685000,3495000,3375000,3475000,3522400,3247200,2778000,3662700
2778000,3662700,3375000,3475000,3522400,3247200,2685000,3495000,3012700,3577400,4323300,3741600
3012700,3577400,2778000,3662700,4323300,3741600
3143700,3582500,3953200,3274400
3177700,3581100,3794200,3441500
3195000,3725000,3794200,3441500,4230600,3389200,3021400,3761900,4465500,3612300,4642100,3568200
3021400,3761900,3794200,3441500,4230600,3389200,3195000,3725000,3200000,3780000,4465500,3612300,4642100,3568200,4764200,3554000
3200000,3780000,4639400,3322200,4444500,3392600,3021400,3761900,3375000,3490000,4642100,3568200,4764200,3554000,4930000,3676600
3375000,3490000,4639400,3322200,4444500,3392600,3200000,3780000,3423800,3757700,4764200,3554000,4930000,3676600,5103100,3641500
3210000,3725000,4444500,3392600,5380500,3351300,3423800,3757700
3423800,3757700,4444500,3392600,5380500,3351300,3375000,3490000,3210000,3725000,4930000,3676600,5103100,3641500
3218500,3780700,5666900,3343300,5901500,3354400,3750900,3497600,5380000,3640000,5669300,3639500
3750900,3497600,5666900,3343300,5901500,3354400,160000,3640000,3218500,3780700,3648700,3706800,5380000,3640000,5669300,3639500,5903200,3636800
3648700,3706800,5901500,3354400,160000,3640000,450000,3640000,3750900,3497600,3788000,3494000,5669300,3639500,5903200,3636800
3788000,3494000,160000,3640000,450000,3640000,740000,3640000,3648700,3706800,4031800,3724600,160000,3930000,740000,3930000
4031800,3724600,450000,3640000,740000,3640000,1030000,3640000,3788000,3494000,4282100,3522600,160000,3930000,740000,3930000,1030000,3930000
4282100,3522600,740000,3640000,1030000,3640000,1320000,3640000,4031800,3724600,4243000,3655200,740000,3930000,1030000,3930000,1320000,3930000
4243000,3655200,1030000,3640000,1320000,3640000,1877300,3658000,4282100,3522600,4086400,3664000,1030000,3930000,1320000,3930000
4086400,3664000,1320000,3640000,1877300,3658000,2490400,3624600,4243000,3655200,4072500,3757500,1610000,3930000,1898100,3927400,2350500,3826200
4072500,3757500,1877300,3658000,2490400,3624600,4086400,3664000,1898100,3927400,2350500,3826200
4323300,3741600,2778000,3662700,3012700,3577400,4125000,3775000
4125000,3775000,4323300,3741600,2351100,4045500
4465500,3612300,3195000,3725000,3021400,3761900,4642100,3568200
4642100,3568200,3195000,3725000,3021400,3761900,3200000,3780000,4465500,3612300,4764200,3554000,2736000,3919400,3024300,3809200
4764200,3554000,3021400,3761900,3200000,3780000,3375000,3490000,4642100,3568200,4930000,3676600,2736000,3919400,3024300,3809200
4930000,3676600,3200000,3780000,3375000,3490000,3423800,3757700,4764200,3554000,5103100,3641500
4710000,3780000,5103100,3641500,3186800,3978600,2983600,4018000
5103100,3641500,3375000,3490000,3423800,3757700,4930000,3676600,4710000,3780000,3186800,3978600,2983600,4018000
5380000,3640000,3218500,3780700,3750900,3497600,5669300,3639500,3220000,3795000,3326100,3946100
5669300,3639500,3218500,3780700,3750900,3497600,3648700,3706800,5380000,3640000,5903200,3636800,3220000,3795000,3326100,3946100,3472900,4052900
5903200,3636800,3750900,3497600,3648700,3706800,5669300,3639500,450000,3930000,3326100,3946100,3472900,4052900,3734100,4037400
160000,3930000,3788000,3494000,4031800,3724600,740000,3930000
450000,3930000,5903200,3636800,740000,3930000,3472900,4052900,3734100,4037400,3490000,4055000
740000,3930000,3788000,3494000,4031800,3724600,4282100,3522600,160000,3930000,450000,3930000,1030000,3930000,3734100,4037400,3490000,4055000,4036100,3856400
1030000,3930000,4031800,3724600,4282100,3522600,4243000,3655200,740000,3930000,1320000,3930000,3490000,4055000,4036100,3856400,3842500,4033400
1320000,3930000,4282100,3522600,4243000,3655200,1030000,3930000,2187500,3930100,4036100,3856400,3842500,4033400,4083300,3886900
1610000,3930000,4086400,3664000
1898100,3927400,4086400,3664000,4072500,3757500,2350500,3826200
2187500,3930100,1320000,3930000,2431100,3787700,3842500,4033400,4083300,3886900,4125000,3790000
2350500,3826200,4086400,3664000,4072500,3757500,1898100,3927400
2431100,3787700,2187500,3930100,2610800,3890000,4083300,3886900,4125000,3790000
2610800,3890000,2431100,3787700
2492700,3907800,4352200,4075500
2330000,3940000,2608900,4040000,4520000,3940200,4391100,4071600
2608900,4040000,2330000,3940000,4520000,3940200,4391100,4071600
2351100,4045500,4125000,3775000,2486200,4040500
2486200,4040500,2351100,4045500,4710000,3785000
2736000,3919400,4642100,3568200,4764200,3554000,3024300,3809200
3024300,3809200,4642100,3568200,4764200,3554000,2736000,3919400
3202000,3793000,3186800,3978600,4768400,3962100,4946600,3948300
3186800,3978600,4710000,3780000,5103100,3641500,3202000,3793000,2983600,4018000,4768400,3962100,4946600,3948300,5098400,3951500
2983600,4018000,4710000,3780000,5103100,3641500,3186800,3978600,4946600,3948300,5098400,3951500
3220000,3795000,5380000,3640000,5669300,3639500,3326100,3946100
3415000,3780000,3326100,3946100,5377700,3921100,5664700,3932500
3326100,3946100,5380000,3640000,5669300,3639500,5903200,3636800,3220000,3795000,3415000,3780000,3472900,4052900,5377700,3921100,5664700,3932500,5804100,3788300
3472900,4052900,5669300,3639500,5903200,3636800,450000,3930000,3326100,3946100,3734100,4037400,5664700,3932500,5804100,3788300,5830000,3786900
3734100,4037400,5903200,3636800,450000,3930000,740000,3930000,3472900,4052900,3490000,4055000,5804100,3788300,5830000,3786900,5909800,3942200
3490000,4055000,450000,3930000,740000,3930000,1030000,3930000,3734100,4037400,4036100,3856400,5830000,3786900,5909800,3942200,160000,4220000
4036100,3856400,740000,3930000,1030000,3930000,1320000,3930000,3490000,4055000,3842500,4033400,5909800,3942200,160000,4220000,450000,4220000
3842500,4033400,1030000,3930000,1320000,3930000,2187500,3930100,4036100,3856400,4083300,3886900,160000,4220000,450000,4220000,740000,4220000
4083300,3886900,1320000,3930000,2187500,3930100,2431100,3787700,3842500,4033400,4125000,3790000,450000,4220000,740000,4220000
4125000,3790000,2187500,3930100,2431100,3787700,4083300,3886900
4315000,3901300,4352200,4075500,1030000,4220000,1320000,4220000
4352200,4075500,2492700,3907800,4315000,3901300,4520000,3940200,1030000,4220000,1320000,4220000,1610000,4220000
4520000,3940200,2330000,3940000,2608900,4040000,4352200,4075500,4391100,4071600,1320000,4220000,1610000,4220000
4391100,4071600,2330000,3940000,2608900,4040000,4520000,3940200,1880300,4231500
4710000,3785000,2486200,4040500,4942500,3828100,2202500,4233200
4942500,3828100,4710000,3785000,2202500,4233200
4768400,3962100,3202000,3793000,3186800,3978600,4946600,3948300
4946600,3948300,3202000,3793000,3186800,3978600,2983600,4018000,4768400,3962100,5098400,3951500
5098400,3951500,3186800,3978600,2983600,4018000,4946600,3948300,2420400,4272500
5377700,3921100,3415000,3780000,3326100,3946100,5664700,3932500,2630000,4315000,2633600,4096800
5664700,3932500,3415000,3780000,3326100,3946100,3472900,4052900,5377700,3921100,5804100,3788300,2630000,4315000,2633600,4096800,2916600,4073300
5804100,3788300,3326100,3946100,3472900,4052900,3734100,4037400,5664700,3932500,5830000,3786900,2633600,4096800,2916600,4073300,2699200,4276200
5830000,3786900,3472900,4052900,3734100,4037400,3490000,4055000,5804100,3788300,5909800,3942200,2916600,4073300,2699200,4276200,3076300,4182500
5909800,3942200,3734100,4037400,3490000,4055000,4036100,3856400,5830000,3786900,160000,4220000,2699200,4276200,3076300,4182500,3480000,4070000
160000,4220000,3490000,4055000,4036100,3856400,3842500,4033400,5909800,3942200,450000,4220000,3076300,4182500,3480000,4070000,3287000,4162000
450000,4220000,4036100,3856400,3842500,4033400,4083300,3886900,160000,4220000,740000,4220000,3480000,4070000,3287000,4162000,3301900,4338200
740000,4220000,3842500,4033400,4083300,3886900,450000,4220000,1030000,4220000,3287000,4162000,3301900,4338200
1030000,4220000,4315000,3901300,4352200,4075500,740000,4220000,1320000,4220000,3745300,4179700
1320000,4220000,4315000,3901300,4352200,4075500,4520000,3940200,1030000,4220000,1610000,4220000,3850300,4189400,4005000,4360000
1610000,4220000,4352200,4075500,4520000,3940200,1320000,4220000,2045500,4087700,3850300,4189400,4005000,4360000
1880300,4231500,4391100,4071600
2045500,4087700,1610000,4220000
2202500,4233200,4710000,3785000,4942500,3828100,2348500,4090700,4329300,4139200,4095600,4129600
2348500,4090700,2202500,4233200,4329300,4139200,4095600,4129600
2443600,4082700,2613200,4094200,4365400,4317200,4385100,4087200
2613200,4094200,2443600,4082700,2420400,4272500,4365400,4317200,4385100,4087200,4360000,4200000
2420400,4272500,5098400,3951500,2613200,4094200,4385100,4087200,4360000,4200000
2630000,4315000,5377700,3921100,5664700,3932500,2633600,4096800,4497300,4325100,4751100,4134000
2633600,4096800,5377700,3921100,5664700,3932500,5804100,3788300,2630000,4315000,2916600,4073300,4497300,4325100,4751100,4134000,4893400,4207500
2916600,4073300,5664700,3932500,5804100,3788300,5830000,3786900,2633600,4096800,2699200,4276200,4751100,4134000,4893400,4207500,4688900,4324500
2699200,4276200,5804100,3788300,5830000,3786900,5909800,3942200,2916600,4073300,3076300,4182500,4893400,4207500,4688900,4324500,5084400,4225000
3076300,4182500,5830000,3786900,5909800,3942200,160000,4220000,2699200,4276200,3480000,4070000,4688900,4324500,5084400,4225000,5390000,4222900
3480000,4070000,5909800,3942200,160000,4220000,450000,4220000,3076300,4182500,3287000,4162000,5084400,4225000,5390000,4222900,5645800,4236700
3287000,4162000,160000,4220000,450000,4220000,740000,4220000,3480000,4070000,3301900,4338200,5390000,4222900,5645800,4236700,5788400,4082000
3301900,4338200,450000,4220000,740000,4220000,3287000,4162000,3525000,4335000,5645800,4236700,5788400,4082000,5912200,4230700
3745300,4179700,1030000,4220000
3525000,4335000,3301900,4338200,4070000,4130000,5788400,4082000,5912200,4230700
3850300,4189400,1320000,4220000,1610000,4220000,4005000,4360000,4075000,4365000,125300,4503000,737100,4507100
4070000,4130000,3525000,4335000
4005000,4360000,1320000,4220000,1610000,4220000,3850300,4189400,1044200,4481100
4075000,4365000,3850300,4189400,125300,4503000,737100,4507100
4329300,4139200,2202500,4233200,2348500,4090700,4095600,4129600
4095600,4129600,2202500,4233200,2348500,4090700,4329300,4139200,4165300,4194800,1320000,4510000,1610000,4510000
4165300,4194800,4095600,4129600,1320000,4510000,1610000,4510000
4365400,4317200,2443600,4082700,2613200,4094200,4385100,4087200
4130000,4361200,4568200,4146400,2198800,4496700,2419400,4476200
4385100,4087200,2443600,4082700,2613200,4094200,2420400,4272500,4365400,4317200,4360000,4200000,2419400,4476200,2655000,4360000
4568200,4146400,4130000,4361200,2198800,4496700,2419400,4476200
4360000,4200000,2613200,4094200,2420400,4272500,4385100,4087200,2419400,4476200,2655000,4360000
4497300,4325100,2630000,4315000,2633600,4096800,4751100,4134000
4751100,4134000,2630000,4315000,2633600,4096800,2916600,4073300,4497300,4325100,4893400,4207500
4893400,4207500,2633600,4096800,2916600,4073300,2699200,4276200,4751100,4134000,4688900,4324500
4688900,4324500,2916600,4073300,2699200,4276200,3076300,4182500,4893400,4207500,5084400,4225000
5084400,4225000,2699200,4276200,3076300,4182500,3480000,4070000,4688900,4324500,5390000,4222900
5390000,4222900,3076300,4182500,3480000,4070000,3287000,4162000,5084400,4225000,5645800,4236700
5645800,4236700,3480000,4070000,3287000,4162000,3301900,4338200,5390000,4222900,5788400,4082000
5788400,4082000,3287000,4162000,3301900,4338200,3525000,4335000,5645800,4236700,5912200,4230700
5912200,4230700,3301900,4338200,3525000,4335000,5788400,4082000,125300,4503000
125300,4503000,3850300,4189400,4075000,4365000,5912200,4230700,737100,4507100
460500,4508300,1044200,4481100
737100,4507100,3850300,4189400,4075000,4365000,125300,4503000
1044200,4481100,4005000,4360000,460500,4508300
1320000,4510000,4095600,4129600,4165300,4194800,1610000,4510000
1610000,4510000,4095600,4129600,4165300,4194800,1320000,4510000,1897500,4512800
1897500,4512800,1610000,4510000
2198800,4496700,4130000,4361200,4568200,4146400,2419400,4476200
2419400,4476200,4130000,4361200,4385100,4087200,4568200,4146400,4360000,4200000,2198800,4496700
2655000,4360000,4385100,4087200,4360000,4200000
