4371,26194,3817,29248,4474,23452,6593,26320
6593,26320,6848,29424,6784,23591,4371,26194,9724,26547
9724,26547,16343,30157,9827,23818,6593,26320,16568,27103
16568,27103,23867,30879,16861,24449,9724,26547
42782,31144,39867,32146,43464,29452
46747,29603,43464,29452,49764,29875,43403,32432,47046,26807
43464,29452,41746,29174,46747,29603,42782,31144,43456,26575
41746,29174,33117,31557,43464,29452,35913,28618
35913,28618,32882,28442,41746,29174,36003,25965
32882,28442,23867,30879,35913,28618
5603,21054,6784,23591,6366,20171
1906,20768,2491,23313,1972,19868
3799,20893,4474,23452,3866,19981
26996,24482,24942,25119,20293,21219,27960,25359,31353,23321
36371,22661,34284,22431,39371,22839,36003,25965
43853,23161,39371,22839,47514,23429,43456,26575,40317,23893,44032,21711
47514,23429,43853,23161,52424,23821,47668,22090
31353,23321,26996,24482,28033,21825,36003,25965,34284,22431
39371,22839,36371,22661,43853,23161,40317,23893,39423,21421
40317,23893,36003,25965,43853,23161,39371,22839
47406,24732,47046,26807,52424,23821,43456,26575
52424,23821,47514,23429,54398,22886,54210,24589,47406,24732,51595,21623
49764,29875,46747,29603,49876,27075
1972,19868,1906,20768,2085,18277,3866,19981
3866,19981,3799,20893,3891,18403,1972,19868,6366,20171
6366,20171,5603,21054,6492,18694,3866,19981,8373,20272
10242,20461,9827,23818,10406,19022,8373,20272,11821,20537
2085,18277,1972,19868,2205,16522,3891,18403
3891,18403,3866,19981,4068,16623,2085,18277,6492,18694
6492,18694,6366,20171,6713,16888,3891,18403,8399,18820
10406,19022,10242,20461,10488,17229,8399,18820,11871,19173
8399,18820,6492,18694,10406,19022,8373,20272,8632,17153
11821,20537,11871,19173,10242,20461,13853,20625,14485,21775
17111,22949,16861,24449,17275,21004,14485,21775
17275,21004,13853,20625,20293,21219,17111,22949,17402,19565
13853,20625,11821,20537,17275,21004,14485,21775,13967,19300
14485,21775,17111,22949,13853,20625,11821,20537
17402,19565,13967,19300,20369,19792,17275,21004
13967,19300,11871,19173,17402,19565,13853,20625
11871,19173,11821,20537,11991,17342,10406,19022,13967,19300
20293,21219,17275,21004,25268,21610,26996,24482,20369,19792
20369,19792,17402,19565,25382,20209,20130,17902,20293,21219
25382,20209,20369,19792,31089,20651,25268,21610,24978,18769
25268,21610,20293,21219,28033,21825,25382,20209
28033,21825,25268,21610,34284,22431,31353,23321
34284,22431,28033,21825,36371,22661,31353,23321
39423,21421,36064,21093,44032,21711,40073,18087,39371,22839
36064,21093,31089,20651,39423,21421,36102,19716
36102,19716,36064,21093,34710,19518
31089,20651,25382,20209,36064,21093,31215,19426
31215,19426,32612,19402,30308,19161,31089,20651,31407,17858
24978,18769,25382,20209,25076,17723,26281,18866,23338,18982
25205,14868,25147,16411,26397,14848,23629,15320
20962,6142,18513,5953,25963,6546,20937,7632,21556,4842
2205,16522,2085,18277,4068,16623
4068,16623,3891,18403,2205,16522,6713,16888
6713,16888,6492,18694,4068,16623,8632,17153
8632,17153,6713,16888,10488,17229,8399,18820
10488,17229,10406,19022,10710,15429,8632,17153,11991,17342
11991,17342,11871,19173,12201,15562,10488,17229
10710,15429,10488,17229,10889,13411,12201,15562
12201,15562,11991,17342,12389,13482,10710,15429
12389,13482,12201,15562,12692,9678,10889,13411
10889,13411,10710,15429,11240,9590,12389,13482
11240,9590,10889,13411,11517,5385,12692,9678
12692,9678,12389,13482,13045,5461,11240,9590
11517,5385,11240,9590,11644,3579,13045,5461
13045,5461,12692,9678,13108,3668,11517,5385,18513,5953
11644,3579,11517,5385,13108,3668
13108,3668,13045,5461,11644,3579,16379,3819
18513,5953,13045,5461,20962,6142,18601,4589
16379,3819,13108,3668,18601,4589
18601,4589,16379,3819,21556,4842,18513,5953
21556,4842,18601,4589,25735,4918,20962,6142
25963,6546,20962,6142,27238,6559,25900,7860,25735,4918
27238,6559,25963,6546,28715,6698,27099,8074,27352,5082
25735,4918,21556,4842,27352,5082,25963,6546,25908,1765
27352,5082,25735,4918,31430,5511,27238,6559,27442,1917
31304,6938,30117,6812,33248,7140,32125,8049,31430,5511
33248,7140,31304,6938,34296,7190,32125,8049,33312,5650
31986,9880,32011,8946,30845,10137,32921,10138
33312,5650,31430,5511,37542,6105,33248,7140
31430,5511,27352,5082,33312,5650,31304,6938
37466,7380,36418,7430,37390,8706,37542,6105
37125,11206,37201,10461,35389,11298
37542,6105,33312,5650,40458,6370,37466,7380
25817,10286,25862,8983,26835,10312,24008,10509
26835,10312,25817,10286,27061,9122,28477,10383
20937,7632,20962,6142,20862,8696,22515,7931
20862,8696,20937,7632,20755,9759,22456,8986
20755,9759,20862,8696,20692,10911,22385,10012
20692,10911,20755,9759,20469,13759,22331,11102
20469,13759,20692,10911,20326,15170,22019,14111
20326,15170,20469,13759,20201,16446,21949,15497
20201,16446,20326,15170,20130,17902,21810,16760
20130,17902,20201,16446,20369,19792,21697,18060
25076,17723,24978,18769,25147,16411,23401,17921
25147,16411,25076,17723,25205,14868,23490,16646
26397,14848,25205,14868,27603,14911,26722,16356
27603,14911,26397,14848,27922,16356
26281,18866,27192,18920,24978,18769,26154,17555
27192,18920,28145,18982,26281,18866,27114,17580
28145,18982,29183,19054,27192,18920,28174,17643
29183,19054,30308,19161,28145,18982,29185,17707
30308,19161,31215,19426,29183,19054,30296,17757
32612,19402,33585,19420,31215,19426,32455,17921
33585,19420,34710,19518,32612,19402,33503,17959
34710,19518,36102,19716,33585,19420,34526,18035
39114,18043,40073,18087,39640,16242
40073,18087,39423,21421,39114,18043,41033,18163,40385,16696
41033,18163,40073,18087,42150,18264,40625,20118,41294,16722
42150,18264,41033,18163,43186,18296,41710,20219,42140,16709
43186,18296,42150,18264,44770,18428,42708,20283,43011,16747
44770,18428,43186,18296,46159,18611,44032,21711,43933,16760
46159,18611,44770,18428,47176,18700,45498,20421,45637,16886
47176,18700,46159,18611,48161,18750,46698,20459,46597,17000
48161,18750,47176,18700,49209,18801,47771,20510,47519,17113
49209,18801,48161,18750,50415,18908,48769,20573,48478,17214
50415,18908,49209,18801,52138,18997,49867,20623,49476,17303,50473,17353
52138,18997,50415,18908,54512,18946,51595,21623,51623,17416
53653,17608,54512,18946,52267,16583
54512,18946,51595,21623,56646,11408,52138,18997,53653,17608,55560,21017
51595,21623,47668,22090,55560,21017,54512,18946,52138,18997,52424,23821
54398,22886,52424,23821,58250,22153,55560,21017
58250,22153,54398,22886,61049,22571,58174,23518,58477,20903
55560,21017,51595,21623,58477,20903,56292,18896,54512,18946,54398,22886
58477,20903,55560,21017,61121,21125,58250,22153
56292,18896,58300,11736,55560,21017
57496,8286,45621,6670,59103,8661,56646,11408,58644,4307
59103,8661,57496,8286,60193,4530,58300,11736
61049,22571,58250,22153,63478,22679,61121,21125,60746,25125
63478,22679,61049,22571,63692,21339,63085,25214,69439,23414
63085,25214,63478,22679,57278,27700,60746,25125
60746,25125,61049,22571,63085,25214,58817,25018
58817,25018,54242,27450,54210,24589,60746,25125
54210,24589,52424,23821,58174,23518,49876,27075,58817,25018,47046,26807
58174,23518,54210,24589,58250,22153
61121,21125,58477,20903,63692,21339,61049,22571
63692,21339,61121,21125,63478,22679,69617,21950
25862,8983,25900,7860,25817,10286,24144,9120
27061,9122,26835,10312,27099,8074,28541,9588
27099,8074,27061,9122,27238,6559,28629,8830
25900,7860,25963,6546,25862,8983,24197,7879
28715,6698,27238,6559,30117,6812,29279,8293
30117,6812,28715,6698,31304,6938,30056,8262
32011,8946,31986,9880,32125,8049,30864,9436,33095,9486
32125,8049,32011,8946,33248,7140,31304,6938,30725,8754,33340,8874
34296,7190,33248,7140,35408,7342,34144,8553
35408,7342,34296,7190,36418,7430,34809,8530
36418,7430,35408,7342,37466,7380,35340,8852
37201,10461,37125,11206,37289,9678,35497,10696
37289,9678,37201,10461,37390,8706,35648,10071
37390,8706,37289,9678,37466,7380,35724,9477
40069,9347,41139,9437,40458,6370,40056,11482
41139,9437,42308,9607,40069,9347,41193,11406,41016,8060
42308,9607,43299,9723,41139,9437,42253,11418,41950,8161
43299,9723,44371,9786,42308,9607,43352,11469,42960,8300
44371,9786,45514,9884,43299,9723,44514,11583,43971,8413
46621,9920,47558,10036,45514,9884,46420,11583,46559,8628
47558,10036,48567,10143,46621,9920,47418,11620,47443,8742
48567,10143,49656,10312,47558,10036,48390,11785,48276,8843
49656,10312,50674,10527,48567,10143,49451,11999,49148,8969
50674,10527,56646,11408,49656,10312,50473,12315,50032,9120
45514,9884,46621,9920,44371,9786,45621,6670
45621,6670,40458,6370,57496,8286,45514,9884
40458,6370,37542,6105,45621,6670,40069,9347
56646,11408,54512,18946,57496,8286,58300,11736,50674,10527
58300,11736,59103,8661,56292,18896,56646,11408
8373,20272,6366,20171,10242,20461,8399,18820
44032,21711,39423,21421,47668,22090,44770,18428,43853,23161
47668,22090,44032,21711,51595,21623,47514,23429
22515,7931,20937,7632
22456,8986,20862,8696
22385,10012,20755,9759
22331,11102,20692,10911
24008,10509,25817,10286
24144,9120,25862,8983
24197,7879,25900,7860
28477,10383,26835,10312
28541,9588,27061,9122
28629,8830,27099,8074
29279,8293,28715,6698
30056,8262,30117,6812
30725,8754,32125,8049
30864,9436,32011,8946
30845,10137,31986,9880
32921,10138,31986,9880
33095,9486,32011,8946
33340,8874,32125,8049
34144,8553,34296,7190
35340,8852,36418,7430
34809,8530,35408,7342
35724,9477,37390,8706
35648,10071,37289,9678
35497,10696,37201,10461
35389,11298,37125,11206
22019,14111,20469,13759
21949,15497,20326,15170
21810,16760,20201,16446
21697,18060,20130,17902
23338,18982,24978,18769
23401,17921,25076,17723
23490,16646,25147,16411
23629,15320,25205,14868
26154,17555,26281,18866
27114,17580,27192,18920
28174,17643,28145,18982
29185,17707,29183,19054
30296,17757,30308,19161
31407,17858,31215,19426
32455,17921,32612,19402
33503,17959,33585,19420
34526,18035,34710,19518
26722,16356,26397,14848
27922,16356,27603,14911
39640,16242,39114,18043
40385,16696,40073,18087
41294,16722,41033,18163
42140,16709,42150,18264
43011,16747,43186,18296
43933,16760,44770,18428
45637,16886,46159,18611
46597,17000,47176,18700
47519,17113,48161,18750
48478,17214,49209,18801
49476,17303,50415,18908
50473,17353,50415,18908
40625,20118,41033,18163
41710,20219,42150,18264
42708,20283,43186,18296
45498,20421,46159,18611
46698,20459,47176,18700
47771,20510,48161,18750
48769,20573,49209,18801
49867,20623,50415,18908
51623,17416,52138,18997
52267,16583,53653,17608
40056,11482,40069,9347
41193,11406,41139,9437
42253,11418,42308,9607
43352,11469,43299,9723
44514,11583,44371,9786
41016,8060,41139,9437
41950,8161,42308,9607
42960,8300,43299,9723
43971,8413,44371,9786
46559,8628,46621,9920
47443,8742,47558,10036
48276,8843,48567,10143
49148,8969,49656,10312
50032,9120,50674,10527
46420,11583,46621,9920
47418,11620,47558,10036
48390,11785,48567,10143
49451,11999,49656,10312
50473,12315,50674,10527
57278,27700,63085,25214,54242,27450
54242,27450,58817,25018,57278,27700,49876,27075
49876,27075,54210,24589,54242,27450,47046,26807,49764,29875
47046,26807,54210,24589,47406,24732,43456,26575,49876,27075,46747,29603
43456,26575,43853,23161,47046,26807,36003,25965,47406,24732,43464,29452
36003,25965,43456,26575,27960,25359,36371,22661,31353,23321,40317,23893,35913,28618
27960,25359,36003,25965,24942,25119,26996,24482
24942,25119,27960,25359,16861,24449,26996,24482
16861,24449,24942,25119,9827,23818,17111,22949,16568,27103
9827,23818,10242,20461,16861,24449,6784,23591,9724,26547
6784,23591,5603,21054,9827,23818,4474,23452,6593,26320
4474,23452,3799,20893,6784,23591,2491,23313,4371,26194
2491,23313,1906,20768,4474,23452
3817,29248,4371,26194,6848,29424
6848,29424,6593,26320,3817,29248,16343,30157
16343,30157,9724,26547,6848,29424,23867,30879
23867,30879,16568,27103,16343,30157,33117,31557,32882,28442
33117,31557,23867,30879,39867,32146,41746,29174
39867,32146,33117,31557,43403,32432,42782,31144
43403,32432,39867,32146,46747,29603
60193,4530,59103,8661
58644,4307,57496,8286
25908,1765,25735,4918
27442,1917,27352,5082
69439,23414,63478,22679
69617,21950,63692,21339