(551967,4181847),(553782,4181847),(553782,4183746),(551967,4183746)
(552714,4182631),(552645,4182619),(552633,4182688),(552702,4182700),(552714,4182631)
(553207,4182728),(553170,4182690),(553122,4182738),(553159,4182775),(553207,4182728)
(553052,4182970),(552950,4182954),(552934,4183056),(553036,4183072),(553052,4182970)
(552547,4182892),(552454,4182877),(552444,4182940),(552537,4182955),(552547,4182892)
(553116,4182739),(553075,4182697),(553023,4182748),(553064,4182789),(553116,4182739)
(553029,4182278),(552987,4182235),(552936,4182286),(552978,4182328),(553029,4182278)
(552837,4182629),(552805,4182597),(552757,4182644),(552789,4182676),(552837,4182629)
(552912,4183165),(552816,4183148),(552806,4183210),(552901,4183226),(552912,4183165)
(552843,4182948),(552740,4182931),(552729,4182995),(552833,4183013),(552843,4182948)
(552627,4182526),(552571,4182517),(552562,4182570),(552618,4182579),(552627,4182526)
(552623,4183226),(552550,4183214),(552536,4183294),(552609,4183306),(552623,4183226)
(552748,4182708),(552689,4182698),(552680,4182754),(552739,4182763),(552748,4182708)
(552777,4182713),(552728,4182705),(552718,4182766),(552767,4182774),(552777,4182713)
(553101,4182905),(553053,4182856),(553010,4182898),(553059,4182947),(553101,4182905)
(552967,4182851),(552888,4182837),(552876,4182912),(552954,4182925),(552967,4182851)
(553419,4183053),(553345,4182978),(553263,4183058),(553336,4183133),(553419,4183053)
(552921,4182871),(552859,4182861),(552852,4182908),(552913,4182918),(552921,4182871)
(553109,4183019),(553047,4183008),(553037,4183070),(553099,4183080),(553109,4183019)
(553355,4183048),(553316,4183008),(553263,4183059),(553302,4183099),(553355,4183048)
(553081,4182865),(553040,4182822),(552997,4182862),(553038,4182905),(553081,4182865)
(553217,4182917),(553187,4182887),(553161,4182912),(553191,4182943),(553217,4182917)
(552949,4182954),(552890,4182944),(552881,4182997),(552941,4183006),(552949,4182954)
(553041,4182812),(552997,4182769),(552939,4182827),(552982,4182870),(553041,4182812)
(552910,4182946),(552846,4182936),(552838,4182983),(552902,4182994),(552910,4182946)
(553252,4182891),(553196,4182835),(553151,4182880),(553207,4182936),(553252,4182891)
(553341,4183109),(553284,4183051),(553243,4183091),(553299,4183149),(553341,4183109)
(552957,4182906),(552895,4182895),(552887,4182943),(552950,4182953),(552957,4182906)
(552953,4182746),(552899,4182692),(552851,4182739),(552905,4182794),(552953,4182746)
(553346,4182791),(553295,4182737),(553208,4182821),(553259,4182875),(553346,4182791)
(553122,4182821),(553081,4182780),(553034,4182828),(553074,4182868),(553122,4182821)
(553207,4183249),(553119,4183234),(553107,4183302),(553195,4183317),(553207,4183249)
(553163,4182786),(553119,4182742),(553075,4182786),(553119,4182830),(553163,4182786)
(553094,4183105),(553033,4183094),(553020,4183175),(553081,4183185),(553094,4183105)
(553201,4182901),(553167,4182867),(553131,4182904),(553164,4182937),(553201,4182901)
(552762,4182278),(552704,4182219),(552654,4182268),(552713,4182327),(552762,4182278)
(552697,4182594),(552651,4182586),(552642,4182639),(552688,4182647),(552697,4182594)
(552595,4182726),(552530,4182715),(552519,4182775),(552585,4182787),(552595,4182726)
(552803,4182602),(552759,4182556),(552714,4182600),(552758,4182646),(552803,4182602)
(552877,4182310),(552832,4182263),(552783,4182310),(552828,4182357),(552877,4182310)
(552984,4182267),(552966,4182248),(552939,4182275),(552957,4182294),(552984,4182267)
(553003,4182522),(552957,4182475),(552908,4182523),(552955,4182570),(553003,4182522)
(552577,4182573),(552507,4182562),(552497,4182618),(552568,4182629),(552577,4182573)
(552617,4182794),(552542,4182781),(552524,4182883),(552599,4182895),(552617,4182794)
(552288,4182078),(553004,4183309)