(552058,4181636),(553832,4181636),(553832,4184021),(552058,4184021)
(552900,4183364),(552897,4183386),(552878,4183382),(552882,4183360),(552900,4183364)
(552936,4183370),(552932,4183392),(552914,4183389),(552918,4183367),(552936,4183370)
(553349,4182960),(553324,4182934),(553359,4182899),(553385,4182925),(553349,4182960)
(553450,4182578),(553462,4182590),(553451,4182601),(553439,4182588),(553450,4182578)
(552491,4182872),(552495,4182845),(552517,4182848),(552513,4182876),(552491,4182872)
(552923,4183603),(552921,4183638),(552889,4183637),(552890,4183602),(552923,4183603)
(552358,4183546),(552360,4183529),(552378,4183532),(552375,4183549),(552358,4183546)
(553012,4183508),(552994,4183505),(552997,4183483),(553016,4183486),(553012,4183508)
(552403,4183527),(552399,4183551),(552383,4183548),(552387,4183525),(552403,4183527)
(552507,4182522),(552505,4182535),(552494,4182533),(552496,4182521),(552507,4182522)
(553141,4183444),(553143,4183430),(553155,4183432),(553152,4183446),(553141,4183444)
(552791,4183201),(552777,4183199),(552780,4183182),(552793,4183184),(552791,4183201)
(552586,4183592),(552589,4183572),(552626,4183578),(552623,4183598),(552586,4183592)
(553462,4183096),(553410,4183148),(553373,4183111),(553426,4183059),(553462,4183096)
(552957,4183571),(552973,4183478),(553005,4183484),(552990,4183577),(552957,4183571)
(552408,4183438),(552449,4183445),(552443,4183482),(552402,4183475),(552408,4183438)
(552314,4182275),(552308,4182311),(552271,4182305),(552277,4182269),(552314,4182275)
(552891,4183259),(552772,4183226),(552785,4183179),(552904,4183212),(552891,4183259)
(553209,4182738),(553177,4182769),(553163,4182755),(553195,4182723),(553209,4182738)
(553043,4183066),(553052,4183014),(553103,4183023),(553095,4183075),(553043,4183066)
(552884,4183391),(552901,4183395),(552897,4183416),(552880,4183413),(552884,4183391)
(552377,4183371),(552387,4183309),(552430,4183316),(552420,4183378),(552377,4183371)
(552308,4182630),(552290,4182627),(552297,4182580),(552315,4182582),(552308,4182630)
(552938,4182704),(552963,4182729),(552948,4182744),(552922,4182720),(552938,4182704)
(552847,4182902),(552808,4182896),(552812,4182873),(552851,4182879),(552847,4182902)
(552614,4183383),(552569,4183375),(552573,4183351),(552618,4183359),(552614,4183383)
(552804,4182517),(552847,4182474),(552880,4182507),(552836,4182550),(552804,4182517)
(552852,4182374),(552893,4182332),(552910,4182348),(552869,4182390),(552852,4182374)
(553058,4183458),(553054,4183482),(553038,4183479),(553042,4183456),(553058,4183458)
(552263,4182675),(552254,4182726),(552204,4182717),(552213,4182666),(552263,4182675)
(553395,4182660),(553408,4182639),(553422,4182648),(553409,4182669),(553395,4182660)
(552626,4183163),(552595,4183158),(552603,4183112),(552634,4183117),(552626,4183163)
(552905,4182668),(552874,4182636),(552895,4182615),(552926,4182647),(552905,4182668)
(553032,4183478),(553036,4183455),(553051,4183457),(553048,4183481),(553032,4183478)
(552555,4183340),(552561,4183306),(552583,4183310),(552578,4183344),(552555,4183340)
(552941,4182382),(552964,4182405),(552950,4182419),(552927,4182396),(552941,4182382)
(552832,4182594),(552815,4182577),(552836,4182556),(552853,4182573),(552832,4182594)
(552838,4182277),(552796,4182318),(552764,4182286),(552806,4182245),(552838,4182277)
(552707,4182312),(552748,4182271),(552771,4182293),(552729,4182334),(552707,4182312)
(552277,4182456),(552246,4182451),(552249,4182435),(552280,4182440),(552277,4182456)
(552685,4182511),(552705,4182532),(552678,4182558),(552658,4182538),(552685,4182511)
(552440,4182342),(552433,4182389),(552399,4182384),(552407,4182337),(552440,4182342)
(552473,4183354),(552517,4183362),(552511,4183393),(552468,4183386),(552473,4183354)
(552438,4183350),(552433,4183380),(552416,4183377),(552421,4183347),(552438,4183350)
(553088,4183109),(553076,4183180),(553025,4183171),(553037,4183100),(553088,4183109)
(553391,4182655),(553371,4182675),(553358,4182662),(553378,4182642),(553391,4182655)
(552269,4182517),(552237,4182511),(552240,4182493),(552272,4182498),(552269,4182517)
(552493,4182369),(552515,4182347),(552538,4182371),(552516,4182393),(552493,4182369)
(553417,4182719),(553437,4182699),(553448,4182710),(553428,4182730),(553417,4182719)
(552716,4183279),(552740,4183283),(552733,4183323),(552709,4183319),(552716,4183279)
(552820,4182221),(552843,4182198),(552862,4182216),(552839,4182239),(552820,4182221)
(552982,4183367),(552898,4183353),(552912,4183270),(552995,4183284),(552982,4183367)
(552735,4182446),(552671,4182382),(552693,4182360),(552757,4182424),(552735,4182446)
(553032,4182367),(553057,4182342),(553069,4182354),(553045,4182379),(553032,4182367)
(552471,4183089),(552465,4183117),(552449,4183114),(552454,4183086),(552471,4183089)
(552445,4183135),(552451,4183107),(552465,4183110),(552459,4183138),(552445,4183135)
(552623,4183446),(552628,4183418),(552644,4183421),(552639,4183449),(552623,4183446)
(552735,4182530),(552693,4182573),(552658,4182539),(552700,4182496),(552735,4182530)
(552383,4182410),(552380,4182428),(552346,4182423),(552349,4182404),(552383,4182410)
(552647,4183520),(552678,4183525),(552669,4183577),(552638,4183572),(552647,4183520)
(552384,4183524),(552381,4183550),(552366,4183548),(552369,4183522),(552384,4183524)
(552695,4182917),(552687,4182968),(552659,4182964),(552668,4182912),(552695,4182917)
(553067,4183494),(553058,4183552),(553025,4183546),(553035,4183488),(553067,4183494)
(552746,4183565),(552750,4183538),(552770,4183541),(552765,4183568),(552746,4183565)
(552310,4182523),(552318,4182476),(552338,4182480),(552330,4182527),(552310,4182523)
(552583,4183135),(552587,4183110),(552606,4183113),(552602,4183138),(552583,4183135)
(552696,4182947),(552732,4182953),(552729,4182975),(552692,4182969),(552696,4182947)
(553125,4182373),(553082,4182417),(553069,4182404),(553111,4182360),(553125,4182373)
(553276,4182726),(553241,4182690),(553286,4182644),(553322,4182680),(553276,4182726)
(552565,4183402),(552571,4183365),(552596,4183370),(552589,4183407),(552565,4183402)
(553191,4183311),(553113,4183298),(553123,4183240),(553201,4183253),(553191,4183311)
(552504,4183437),(552461,4183430),(552468,4183391),(552511,4183398),(552504,4183437)
(553298,4182636),(553332,4182600),(553367,4182634),(553333,4182670),(553298,4182636)
(552578,4182470),(552570,4182517),(552520,4182509),(552527,4182462),(552578,4182470)
(552452,4183431),(552459,4183389),(552478,4183393),(552471,4183435),(552452,4183431)
(552883,4183414),(552866,4183411),(552870,4183389),(552887,4183392),(552883,4183414)
(552932,4182182),(552890,4182223),(552858,4182191),(552900,4182150),(552932,4182182)
(552913,4182661),(552888,4182685),(552853,4182649),(552877,4182625),(552913,4182661)
(552814,4183481),(552854,4183488),(552851,4183507),(552811,4183500),(552814,4183481)
(552442,4183328),(552448,4183288),(552465,4183291),(552458,4183331),(552442,4183328)
(553103,4183146),(553065,4183140),(553074,4183090),(553112,4183097),(553103,4183146)
(553109,4182466),(553066,4182508),(553051,4182493),(553094,4182451),(553109,4182466)
(552862,4183389),(552865,4183370),(552881,4183373),(552878,4183391),(552862,4183389)
(553233,4182338),(553276,4182384),(553246,4182412),(553203,4182367),(553233,4182338)
(553004,4183449),(553021,4183452),(553017,4183474),(553000,4183470),(553004,4183449)
(552821,4182874),(552813,4182925),(552781,4182920),(552789,4182869),(552821,4182874)
(553010,4183485),(553042,4183490),(553039,4183511),(553007,4183505),(553010,4183485)
(552341,4182658),(552337,4182681),(552319,4182677),(552323,4182655),(552341,4182658)
(552447,4183347),(552450,4183289),(552480,4183291),(552476,4183349),(552447,4183347)
(552881,4183042),(552836,4183035),(552844,4182990),(552888,4182997),(552881,4183042)
(552540,4183456),(552545,4183428),(552566,4183431),(552561,4183459),(552540,4183456)
(553457,4183275),(553552,4183331),(553533,4183365),(553437,4183309),(553457,4183275)
(552522,4182311),(552477,4182356),(552448,4182327),(552493,4182282),(552522,4182311)
(552604,4183524),(552635,4183529),(552631,4183550),(552601,4183545),(552604,4183524)
(553266,4182603),(553324,4182545),(553390,4182612),(553332,4182670),(553266,4182603)
(552447,4183183),(552416,4183178),(552424,4183130),(552454,4183136),(552447,4183183)
(552759,4183493),(552767,4183441),(552818,4183449),(552810,4183501),(552759,4183493)
(552866,4183105),(552874,4183056),(552903,4183061),(552894,4183110),(552866,4183105)
(552815,4182422),(552857,4182379),(552873,4182395),(552831,4182437),(552815,4182422)
(552599,4183576),(552594,4183608),(552570,4183604),(552575,4183572),(552599,4183576)
(552722,4182698),(552729,4182653),(552747,4182655),(552740,4182701),(552722,4182698)
(553494,4182989),(553532,4182952),(553570,4182990),(553532,4183027),(553494,4182989)
(552561,4183407),(552557,4183435),(552539,4183432),(552544,4183404),(552561,4183407)
(552943,4182286),(552987,4182242),(553022,4182278),(552978,4182321),(552943,4182286)
(553522,4182861),(553559,4182825),(553599,4182866),(553563,4182902),(553522,4182861)
(552704,4182696),(552714,4182636),(552743,4182641),(552732,4182701),(552704,4182696)
(553243,4182626),(553272,4182655),(553254,4182672),(553225,4182644),(553243,4182626)
(553141,4182427),(553154,4182440),(553129,4182465),(553116,4182452),(553141,4182427)
(552486,4182486),(552491,4182457),(552517,4182461),(552512,4182491),(552486,4182486)
(552640,4183166),(552644,4183140),(552666,4183143),(552662,4183170),(552640,4183166)
(552524,4182287),(552461,4182216),(552489,4182191),(552552,4182262),(552524,4182287)
(552740,4182537),(552699,4182496),(552741,4182455),(552782,4182496),(552740,4182537)
(552807,4182494),(552795,4182506),(552773,4182484),(552785,4182472),(552807,4182494)
(552990,4183449),(553007,4183452),(553003,4183474),(552986,4183471),(552990,4183449)
(552579,4182632),(552637,4182642),(552630,4182683),(552572,4182673),(552579,4182632)
(552673,4182750),(552665,4182795),(552622,4182788),(552629,4182743),(552673,4182750)
(552878,4182441),(552901,4182421),(552923,4182446),(552900,4182467),(552878,4182441)
(552618,4183056),(552610,4183107),(552572,4183100),(552580,4183050),(552618,4183056)
(552569,4183049),(552564,4183080),(552514,4183072),(552519,4183041),(552569,4183049)
(552843,4183447),(552847,4183425),(552864,4183428),(552860,4183450),(552843,4183447)
(553284,4183058),(553334,4183109),(553300,4183142),(553250,4183092),(553284,4183058)
(552535,4183550),(552562,4183555),(552558,4183577),(552531,4183573),(552535,4183550)
(552908,4182515),(552857,4182465),(552898,4182422),(552950,4182473),(552908,4182515)
(552329,4182429),(552379,4182438),(552371,4182485),(552321,4182477),(552329,4182429)
(552321,4182665),(552325,4182642),(552345,4182645),(552341,4182668),(552321,4182665)
(552862,4183404),(552841,4183400),(552843,4183383),(552865,4183387),(552862,4183404)
(552376,4182717),(552397,4182720),(552392,4182749),(552371,4182746),(552376,4182717)
(552276,4182527),(552268,4182575),(552228,4182568),(552236,4182521),(552276,4182527)
(552710,4183488),(552747,4183494),(552743,4183516),(552706,4183510),(552710,4183488)
(553054,4183590),(553033,4183679),(553009,4183673),(553030,4183585),(553054,4183590)
(552735,4182991),(552744,4182937),(552838,4182953),(552829,4183007),(552735,4182991)
(553350,4182889),(553314,4182925),(553283,4182893),(553320,4182858),(553350,4182889)
(553029,4182555),(552987,4182596),(552958,4182567),(553000,4182526),(553029,4182555)
(552417,4182550),(552411,4182584),(552368,4182576),(552374,4182543),(552417,4182550)
(552890,4183116),(552883,4183154),(552865,4183151),(552872,4183113),(552890,4183116)
(552756,4182502),(552732,4182527),(552706,4182502),(552730,4182477),(552756,4182502)
(552319,4182631),(552324,4182598),(552343,4182601),(552338,4182634),(552319,4182631)
(552614,4183059),(552576,4183053),(552584,4183007),(552621,4183014),(552614,4183059)
(552545,4183499),(552553,4183448),(552575,4183452),(552566,4183503),(552545,4183499)
(552853,4183498),(552805,4183490),(552810,4183462),(552858,4183470),(552853,4183498)
(552672,4183315),(552636,4183309),(552643,4183268),(552678,4183273),(552672,4183315)
(552455,4183108),(552474,4183111),(552468,4183138),(552449,4183134),(552455,4183108)
(553076,4182360),(553051,4182385),(553037,4182372),(553063,4182346),(553076,4182360)
(553430,4182640),(553448,4182650),(553438,4182667),(553420,4182656),(553430,4182640)
(552934,4182371),(552916,4182390),(552885,4182360),(552903,4182341),(552934,4182371)
(552909,4182912),(552857,4182904),(552863,4182867),(552915,4182875),(552909,4182912)
(552739,4183182),(552798,4183192),(552791,4183234),(552732,4183224),(552739,4183182)
(552587,4182949),(552533,4182940),(552541,4182891),(552595,4182900),(552587,4182949)
(552495,4182836),(552467,4182831),(552470,4182815),(552497,4182820),(552495,4182836)
(552870,4183347),(552785,4183332),(552799,4183250),(552884,4183264),(552870,4183347)
(553188,4182270),(553172,4182285),(553159,4182273),(553175,4182257),(553188,4182270)
(552627,4182704),(552617,4182765),(552588,4182760),(552598,4182699),(552627,4182704)
(552433,4183033),(552441,4182984),(552489,4182993),(552481,4183041),(552433,4183033)
(553062,4182360),(553086,4182335),(553098,4182347),(553074,4182372),(553062,4182360)
(552623,4183342),(552619,4183369),(552571,4183361),(552576,4183334),(552623,4183342)
(553088,4183453),(553131,4183459),(553124,4183506),(553081,4183500),(553088,4183453)
(553175,4183585),(553132,4183649),(553111,4183635),(553154,4183570),(553175,4183585)
(553455,4182682),(553475,4182662),(553486,4182673),(553466,4182693),(553455,4182682)
(552473,4183364),(552481,4183319),(552522,4183326),(552514,4183372),(552473,4183364)
(553272,4182976),(553308,4182940),(553338,4182971),(553302,4183006),(553272,4182976)
(552493,4182597),(552451,4182590),(552456,4182558),(552499,4182565),(552493,4182597)
(552985,4183606),(552974,4183671),(552942,4183666),(552952,4183601),(552985,4183606)
(552483,4182456),(552475,4182503),(552447,4182499),(552455,4182452),(552483,4182456)
(553001,4182248),(553037,4182213),(553063,4182240),(553027,4182275),(553001,4182248)
(552607,4183443),(552583,4183439),(552588,4183411),(552612,4183415),(552607,4183443)
(552396,4182184),(552415,4182203),(552370,4182248),(552351,4182228),(552396,4182184)
(552640,4181928),(552693,4181874),(552727,4181907),(552674,4181961),(552640,4181928)
(552932,4182370),(552907,4182346),(552921,4182332),(552946,4182356),(552932,4182370)
(552732,4182954),(552696,4182948),(552700,4182918),(552736,4182923),(552732,4182954)
(552778,4182954),(552744,4182948),(552748,4182924),(552782,4182930),(552778,4182954)
(552620,4183469),(552579,4183463),(552584,4183434),(552624,4183441),(552620,4183469)
(553521,4183195),(553474,4183159),(553513,4183107),(553560,4183143),(553521,4183195)
(552392,4182431),(552402,4182374),(552442,4182381),(552432,4182437),(552392,4182431)
(552263,4182356),(552367,4182373),(552358,4182425),(552255,4182407),(552263,4182356)
(552509,4182719),(552505,4182740),(552482,4182736),(552486,4182715),(552509,4182719)
(552888,4183374),(552905,4183377),(552902,4183395),(552885,4183392),(552888,4183374)
(552897,4183221),(552811,4183206),(552820,4183154),(552906,4183169),(552897,4183221)
(552435,4182312),(552479,4182268),(552500,4182289),(552456,4182333),(552435,4182312)
(553008,4182216),(552980,4182244),(552929,4182193),(552957,4182165),(553008,4182216)
(552720,4182395),(552744,4182372),(552776,4182403),(552752,4182427),(552720,4182395)
(552721,4183016),(552685,4183011),(552691,4182976),(552727,4182982),(552721,4183016)
(552692,4182865),(552741,4182874),(552735,4182908),(552686,4182900),(552692,4182865)
(553145,4183109),(553273,4183122),(553263,4183212),(553136,4183198),(553145,4183109)
(553024,4183453),(553040,4183455),(553036,4183479),(553020,4183476),(553024,4183453)
(552832,4182270),(552870,4182310),(552828,4182350),(552790,4182310),(552832,4182270)
(553092,4183151),(553123,4183156),(553121,4183172),(553089,4183166),(553092,4183151)
(553097,4183124),(553101,4183096),(553132,4183101),(553127,4183129),(553097,4183124)
(553150,4182272),(553167,4182290),(553146,4182310),(553129,4182292),(553150,4182272)
(552835,4182358),(552878,4182315),(552902,4182339),(552860,4182382),(552835,4182358)
(552694,4183177),(552687,4183220),(552617,4183208),(552624,4183165),(552694,4183177)
(552436,4183156),(552432,4183179),(552409,4183176),(552413,4183153),(552436,4183156)
(553156,4182786),(553119,4182823),(553082,4182786),(553119,4182749),(553156,4182786)
(552555,4183182),(552559,4183153),(552601,4183160),(552596,4183189),(552555,4183182)
(552758,4182638),(552721,4182600),(552759,4182563),(552796,4182601),(552758,4182638)
(552898,4182988),(552844,4182979),(552850,4182942),(552904,4182950),(552898,4182988)
(552890,4182412),(552869,4182433),(552845,4182409),(552865,4182388),(552890,4182412)
(553409,4182645),(553419,4182625),(553435,4182633),(553425,4182653),(553409,4182645)
(552563,4183602),(552568,4183573),(552584,4183576),(552580,4183605),(552563,4183602)
(552736,4182700),(552742,4182664),(552757,4182667),(552752,4182703),(552736,4182700)
(552468,4183234),(552475,4183191),(552501,4183195),(552494,4183239),(552468,4183234)
(553359,4182876),(553396,4182913),(553379,4182931),(553341,4182894),(553359,4182876)
(553043,4182378),(553068,4182352),(553081,4182365),(553056,4182390),(553043,4182378)
(552764,4182536),(552739,4182510),(552752,4182498),(552777,4182524),(552764,4182536)
(552459,4183435),(552410,4183427),(552417,4183382),(552466,4183390),(552459,4183435)
(552876,4183056),(552867,4183106),(552840,4183101),(552848,4183051),(552876,4183056)
(552703,4182967),(552678,4182963),(552686,4182915),(552711,4182919),(552703,4182967)
(553058,4183383),(553063,4183355),(553084,4183359),(553079,4183387),(553058,4183383)
(553005,4182360),(553027,4182383),(553002,4182408),(552980,4182386),(553005,4182360)
(552912,4183460),(552873,4183454),(552879,4183415),(552919,4183421),(552912,4183460)
(552580,4183541),(552585,4183511),(552607,4183514),(552602,4183545),(552580,4183541)
(552741,4182368),(552717,4182392),(552700,4182376),(552724,4182351),(552741,4182368)
(552713,4183181),(552721,4183133),(552803,4183147),(552795,4183195),(552713,4183181)
(552494,4182842),(552466,4182838),(552469,4182821),(552496,4182825),(552494,4182842)
(553377,4182799),(553414,4182837),(553382,4182870),(553344,4182832),(553377,4182799)
(552418,4182445),(552410,4182492),(552383,4182488),(552391,4182441),(552418,4182445)
(552519,4183400),(552547,4183404),(552542,4183432),(552515,4183428),(552519,4183400)
(552653,4183019),(552637,4183114),(552569,4183102),(552585,4183008),(552653,4183019)
(552629,4182418),(552570,4182359),(552608,4182323),(552666,4182382),(552629,4182418)
(553039,4182187),(553073,4182154),(553091,4182172),(553057,4182205),(553039,4182187)
(552950,4183411),(552973,4183415),(552969,4183437),(552946,4183433),(552950,4183411)
(552941,4182382),(552968,4182409),(552944,4182433),(552917,4182406),(552941,4182382)
(552335,4182643),(552330,4182677),(552312,4182674),(552317,4182641),(552335,4182643)
(552541,4183575),(552515,4183570),(552519,4183548),(552545,4183552),(552541,4183575)
(552801,4182863),(552806,4182829),(552822,4182832),(552817,4182865),(552801,4182863)
(552583,4183175),(552578,4183206),(552551,4183201),(552556,4183171),(552583,4183175)
(552306,4182425),(552298,4182473),(552272,4182468),(552280,4182421),(552306,4182425)
(553052,4183388),(553047,4183419),(553018,4183415),(553022,4183383),(553052,4183388)
(552556,4183430),(552580,4183434),(552576,4183461),(552551,4183457),(552556,4183430)
(552884,4183109),(552892,4183060),(552913,4183063),(552905,4183112),(552884,4183109)
(552287,4182578),(552294,4182531),(552325,4182536),(552317,4182583),(552287,4182578)
(552794,4182892),(552754,4182885),(552758,4182863),(552798,4182870),(552794,4182892)
(553221,4183088),(553155,4183021),(553189,4182986),(553256,4183053),(553221,4183088)
(553065,4182188),(553091,4182214),(553059,4182246),(553032,4182220),(553065,4182188)
(552387,4183541),(552381,4183572),(552365,4183569),(552370,4183539),(552387,4183541)
(553265,4183043),(553199,4182977),(553224,4182952),(553290,4183019),(553265,4183043)
(553397,4182690),(553408,4182672),(553422,4182680),(553411,4182699),(553397,4182690)
(553001,4183178),(553145,4183202),(553130,4183291),(552987,4183267),(553001,4183178)
(553189,4182526),(553256,4182459),(553322,4182526),(553255,4182593),(553189,4182526)
(553347,4182830),(553378,4182861),(553344,4182895),(553313,4182864),(553347,4182830)
(552884,4182361),(552913,4182390),(552889,4182414),(552860,4182384),(552884,4182361)
(552527,4183293),(552478,4183284),(552486,4183236),(552536,4183244),(552527,4183293)
(552858,4183150),(552865,4183111),(552882,4183115),(552875,4183153),(552858,4183150)
(553138,4182904),(553167,4182874),(553194,4182901),(553164,4182930),(553138,4182904)
(553464,4183022),(553500,4183059),(553482,4183076),(553446,4183039),(553464,4183022)
(552985,4182708),(552947,4182745),(552904,4182701),(552942,4182664),(552985,4182708)
(552694,4183175),(552659,4183169),(552664,4183143),(552699,4183149),(552694,4183175)
(552594,4183454),(552647,4183463),(552641,4183495),(552588,4183486),(552594,4183454)
(552382,4182486),(552411,4182491),(552408,4182508),(552379,4182503),(552382,4182486)
(552417,4183129),(552421,4183105),(552447,4183109),(552443,4183133),(552417,4183129)
(552861,4183411),(552839,4183407),(552842,4183390),(552864,4183394),(552861,4183411)
(552389,4182377),(552386,4182395),(552354,4182389),(552357,4182372),(552389,4182377)
(552637,4183580),(552733,4183597),(552727,4183629),(552632,4183612),(552637,4183580)
(553538,4183286),(553591,4183316),(553562,4183366),(553509,4183336),(553538,4183286)
(552847,4182970),(552896,4182978),(552892,4183000),(552843,4182991),(552847,4182970)
(552331,4182480),(552307,4182475),(552315,4182427),(552340,4182431),(552331,4182480)
(553468,4182726),(553512,4182681),(553570,4182740),(553526,4182784),(553468,4182726)
(552957,4182482),(552996,4182522),(552955,4182563),(552915,4182523),(552957,4182482)
(553485,4182999),(553502,4182982),(553539,4183020),(553523,4183037),(553485,4182999)
(552624,4183352),(552574,4183344),(552580,4183310),(552630,4183318),(552624,4183352)
(552379,4182699),(552371,4182746),(552340,4182741),(552348,4182694),(552379,4182699)
(552511,4182300),(552560,4182252),(552608,4182301),(552559,4182349),(552511,4182300)
(552281,4182446),(552277,4182470),(552245,4182465),(552249,4182440),(552281,4182446)
(552987,4182393),(552959,4182364),(552984,4182339),(553012,4182368),(552987,4182393)
(552444,4183135),(552464,4183138),(552460,4183162),(552440,4183159),(552444,4183135)
(552737,4182563),(552710,4182590),(552694,4182573),(552720,4182547),(552737,4182563)
(552439,4183524),(552420,4183520),(552426,4183484),(552445,4183488),(552439,4183524)
(553620,4182713),(553686,4182780),(553624,4182841),(553558,4182774),(553620,4182713)
(552354,4182352),(552392,4182358),(552389,4182381),(552350,4182375),(552354,4182352)
(552747,4182554),(552730,4182571),(552704,4182545),(552721,4182528),(552747,4182554)
(552590,4183542),(552580,4183605),(552550,4183600),(552561,4183537),(552590,4183542)
(552602,4183409),(552610,4183361),(552643,4183366),(552635,4183414),(552602,4183409)
(552746,4182504),(552772,4182530),(552758,4182543),(552733,4182517),(552746,4182504)
(553114,4183506),(553100,4183589),(553052,4183581),(553066,4183498),(553114,4183506)
(552452,4182580),(552496,4182587),(552491,4182618),(552447,4182611),(552452,4182580)
(552355,4182583),(552352,4182601),(552317,4182595),(552320,4182578),(552355,4182583)
(553486,4182842),(553556,4182912),(553495,4182973),(553424,4182903),(553486,4182842)
(552777,4183543),(552772,4183569),(552755,4183566),(552760,4183540),(552777,4183543)
(552771,4183102),(552765,4183135),(552743,4183131),(552749,4183098),(552771,4183102)
(552752,4182549),(552725,4182521),(552738,4182508),(552766,4182536),(552752,4182549)
(552568,4183107),(552596,4183112),(552591,4183148),(552563,4183143),(552568,4183107)
(552808,4182331),(552782,4182355),(552765,4182337),(552790,4182312),(552808,4182331)
(552341,4182671),(552336,4182695),(552309,4182690),(552313,4182666),(552341,4182671)
(552902,4183563),(552947,4183569),(552942,4183606),(552897,4183600),(552902,4183563)
(553489,4182753),(553523,4182787),(553486,4182824),(553452,4182789),(553489,4182753)
(553444,4182674),(553433,4182693),(553419,4182686),(553430,4182666),(553444,4182674)
(553494,4183066),(553455,4183028),(553473,4183011),(553511,4183049),(553494,4183066)
(552813,4182488),(552800,4182501),(552778,4182479),(552791,4182466),(552813,4182488)
(552430,4182708),(552424,4182754),(552403,4182751),(552410,4182705),(552430,4182708)
(552875,4183364),(552870,4183391),(552843,4183386),(552847,4183360),(552875,4183364)
(552849,4182892),(552845,4182916),(552806,4182909),(552810,4182886),(552849,4182892)
(552707,4182601),(552698,4182655),(552664,4182650),(552673,4182596),(552707,4182601)
(553001,4182691),(552971,4182660),(552984,4182648),(553014,4182679),(553001,4182691)
(552988,4183075),(552979,4183127),(552927,4183118),(552936,4183066),(552988,4183075)
(552502,4182611),(552544,4182618),(552536,4182668),(552494,4182661),(552502,4182611)
(552704,4183430),(552757,4183439),(552752,4183470),(552699,4183461),(552704,4183430)
(553409,4183148),(553387,4183126),(553405,4183108),(553427,4183130),(553409,4183148)
(552859,4182894),(552909,4182903),(552903,4182940),(552852,4182932),(552859,4182894)
(552580,4183334),(552577,4183351),(552550,4183347),(552552,4183330),(552580,4183334)
(552437,4182757),(552442,4182727),(552471,4182732),(552466,4182762),(552437,4182757)
(552234,4182502),(552238,4182482),(552251,4182484),(552248,4182504),(552234,4182502)
(552470,4182473),(552513,4182480),(552509,4182509),(552465,4182502),(552470,4182473)
(552829,4182221),(552844,4182236),(552821,4182259),(552806,4182245),(552829,4182221)
(552431,4183421),(552408,4183442),(552394,4183426),(552417,4183405),(552431,4183421)
(552524,4183370),(552556,4183375),(552552,4183400),(552520,4183395),(552524,4183370)
(552914,4182199),(552890,4182223),(552874,4182206),(552898,4182183),(552914,4182199)
(552569,4183404),(552542,4183399),(552546,4183374),(552573,4183378),(552569,4183404)
(553010,4182703),(553042,4182672),(553077,4182707),(553045,4182739),(553010,4182703)
(552735,4183631),(552744,4183580),(552795,4183588),(552786,4183639),(552735,4183631)
(552549,4183457),(552510,4183451),(552513,4183435),(552552,4183441),(552549,4183457)
(552926,4183122),(552979,4183131),(552972,4183170),(552919,4183161),(552926,4183122)
(552377,4183550),(552381,4183524),(552397,4183526),(552393,4183553),(552377,4183550)
(552639,4182684),(552649,4182625),(552708,4182635),(552698,4182694),(552639,4182684)
(552219,4182615),(552224,4182589),(552259,4182595),(552254,4182621),(552219,4182615)
(552551,4182525),(552517,4182520),(552520,4182499),(552555,4182504),(552551,4182525)
(552852,4182401),(552876,4182426),(552847,4182454),(552823,4182430),(552852,4182401)
(553371,4182733),(553338,4182766),(553310,4182739),(553343,4182705),(553371,4182733)
(553191,4182936),(553168,4182912),(553187,4182894),(553210,4182917),(553191,4182936)
(552876,4183103),(552869,4183151),(552818,4183143),(552825,4183095),(552876,4183103)
(553483,4183001),(553521,4183039),(553504,4183057),(553466,4183019),(553483,4183001)
(552554,4183465),(552548,4183500),(552531,4183497),(552537,4183462),(552554,4183465)
(552926,4183066),(552918,4183114),(552895,4183110),(552903,4183062),(552926,4183066)
(552309,4182504),(552314,4182475),(552332,4182479),(552326,4182507),(552309,4182504)
(552702,4183481),(552657,4183473),(552660,4183452),(552705,4183460),(552702,4183481)
(552322,4182585),(552331,4182536),(552362,4182541),(552354,4182590),(552322,4182585)
(553136,4182264),(553159,4182241),(553177,4182259),(553154,4182282),(553136,4182264)
(552484,4182660),(552451,4182654),(552456,4182625),(552489,4182631),(552484,4182660)
(552543,4183466),(552560,4183468),(552554,4183501),(552538,4183498),(552543,4183466)
(552918,4183459),(552922,4183435),(552968,4183443),(552964,4183467),(552918,4183459)
(553077,4183119),(553129,4183128),(553122,4183166),(553070,4183157),(553077,4183119)
(552957,4182679),(552920,4182716),(552885,4182681),(552922,4182644),(552957,4182679)
(552914,4182078),(552884,4182048),(552926,4182007),(552956,4182037),(552914,4182078)
(552419,4182494),(552427,4182447),(552453,4182451),(552446,4182498),(552419,4182494)
(553064,4182312),(553083,4182331),(553039,4182374),(553020,4182355),(553064,4182312)
(552611,4182798),(552595,4182890),(552530,4182878),(552546,4182787),(552611,4182798)
(552972,4182134),(552912,4182073),(552946,4182040),(553006,4182100),(552972,4182134)
(552399,4182654),(552394,4182682),(552375,4182679),(552379,4182651),(552399,4182654)
(552271,4182559),(552254,4182557),(552259,4182525),(552276,4182527),(552271,4182559)
(553136,4182578),(553179,4182536),(553245,4182602),(553202,4182645),(553136,4182578)
(552775,4182527),(552755,4182507),(552773,4182489),(552793,4182509),(552775,4182527)
(552630,4182896),(552638,4182851),(552672,4182857),(552665,4182901),(552630,4182896)
(552963,4182907),(553036,4182919),(553029,4182962),(552956,4182950),(552963,4182907)
(552333,4182528),(552341,4182479),(552372,4182484),(552364,4182533),(552333,4182528)
(552645,4182945),(552650,4182910),(552671,4182914),(552665,4182948),(552645,4182945)
(552483,4183464),(552479,4183488),(552462,4183485),(552466,4183462),(552483,4183464)
(552390,4183543),(552418,4183548),(552414,4183578),(552386,4183573),(552390,4183543)
(552269,4182312),(552358,4182326),(552349,4182380),(552260,4182366),(552269,4182312)
(552900,4183562),(552888,4183636),(552842,4183628),(552855,4183554),(552900,4183562)
(552575,4183361),(552548,4183357),(552551,4183337),(552578,4183341),(552575,4183361)
(552760,4183482),(552852,4183498),(552844,4183548),(552752,4183533),(552760,4183482)
(552842,4183625),(552890,4183632),(552886,4183656),(552838,4183648),(552842,4183625)
(552714,4183432),(552710,4183455),(552692,4183452),(552696,4183429),(552714,4183432)
(552403,4182540),(552373,4182535),(552378,4182506),(552407,4182510),(552403,4182540)
(553053,4182579),(553011,4182620),(552981,4182588),(553023,4182548),(553053,4182579)
(552382,4183529),(552351,4183524),(552358,4183485),(552388,4183490),(552382,4183529)
(552315,4182533),(552341,4182538),(552333,4182585),(552307,4182581),(552315,4182533)
(552474,4182521),(552505,4182525),(552501,4182555),(552469,4182550),(552474,4182521)
(552846,4183233),(552860,4183235),(552854,4183269),(552841,4183267),(552846,4183233)
(553157,4183436),(553155,4183455),(553140,4183453),(553143,4183434),(553157,4183436)
(552584,4182945),(552577,4182990),(552533,4182983),(552540,4182938),(552584,4182945)
(552507,4183163),(552502,4183191),(552482,4183188),(552486,4183160),(552507,4183163)
(552559,4183574),(552554,4183600),(552534,4183597),(552539,4183570),(552559,4183574)
(552663,4183423),(552706,4183429),(552702,4183454),(552659,4183447),(552663,4183423)
(552467,4182559),(552458,4182611),(552431,4182607),(552440,4182554),(552467,4182559)
(552406,4182520),(552378,4182516),(552382,4182493),(552410,4182498),(552406,4182520)
(552549,4183537),(552497,4183529),(552502,4183497),(552554,4183505),(552549,4183537)
(552864,4182660),(552814,4182611),(552852,4182573),(552901,4182622),(552864,4182660)
(552824,4183098),(552827,4183079),(552861,4183084),(552857,4183103),(552824,4183098)
(553030,4182748),(553074,4182704),(553108,4182739),(553064,4182782),(553030,4182748)
(552977,4183164),(552991,4183084),(553025,4183090),(553012,4183169),(552977,4183164)
(552779,4182673),(552774,4182707),(552742,4182702),(552747,4182668),(552779,4182673)
(552286,4182452),(552248,4182445),(552253,4182418),(552290,4182424),(552286,4182452)
(552619,4183316),(552669,4183324),(552661,4183375),(552610,4183367),(552619,4183316)
(552439,4183230),(552421,4183227),(552424,4183204),(552443,4183207),(552439,4183230)
(552322,4182586),(552353,4182591),(552350,4182609),(552319,4182603),(552322,4182586)
(552809,4182608),(552770,4182649),(552752,4182631),(552792,4182591),(552809,4182608)
(552450,4182936),(552459,4182883),(552542,4182896),(552533,4182950),(552450,4182936)
(553009,4182175),(552978,4182143),(553020,4182102),(553051,4182134),(553009,4182175)
(552334,4182600),(552328,4182632),(552312,4182629),(552317,4182597),(552334,4182600)
(552519,4183094),(552471,4183086),(552477,4183051),(552525,4183059),(552519,4183094)
(552682,4183315),(552689,4183275),(552726,4183281),(552719,4183321),(552682,4183315)
(552608,4182997),(552617,4182942),(552664,4182950),(552655,4183005),(552608,4182997)
(552443,4183487),(552493,4183496),(552485,4183546),(552434,4183538),(552443,4183487)
(552534,4182517),(552568,4182482),(552601,4182515),(552566,4182549),(552534,4182517)
(552809,4181886),(552662,4182058),(552606,4182009),(552753,4181837),(552809,4181886)
(552492,4183556),(552521,4183561),(552516,4183595),(552486,4183590),(552492,4183556)
(552515,4183422),(552555,4183428),(552551,4183451),(552511,4183445),(552515,4183422)
(552559,4183332),(552531,4183327),(552536,4183302),(552564,4183307),(552559,4183332)
(552471,4182731),(552443,4182726),(552446,4182705),(552474,4182710),(552471,4182731)
(552478,4182187),(552496,4182169),(552511,4182185),(552493,4182202),(552478,4182187)
(552665,4183419),(552680,4183327),(552727,4183334),(552712,4183426),(552665,4183419)
(552764,4183086),(552815,4183095),(552807,4183141),(552756,4183133),(552764,4183086)
(552833,4182272),(552818,4182257),(552841,4182234),(552856,4182249),(552833,4182272)
(552568,4183059),(552516,4183051),(552525,4182998),(552577,4183007),(552568,4183059)
(552528,4181963),(552751,4183657)