(551967,4181847),(553782,4181847),(553782,4183746),(551967,4183746)
(552887,4182234),(552861,4182208),(552829,4182240),(552855,4182266),(552887,4182234)
(553175,4182280),(552687,4182075),(552659,4182141),(553147,4182346),(553175,4182280)
(553060,4182337),(553041,4182317),(553008,4182350),(553027,4182370),(553060,4182337)
(552975,4182409),(552941,4182375),(552910,4182406),(552944,4182440),(552975,4182409)
(553019,4182367),(552984,4182332),(552952,4182365),(552987,4182400),(553019,4182367)
(553251,4182342),(553232,4182322),(553192,4182363),(553211,4182382),(553251,4182342)
(552982,4182329),(552950,4182296),(552917,4182328),(552950,4182361),(552982,4182329)
(552846,4181929),(552784,4181866),(552738,4181912),(552801,4181975),(552846,4181929)
(552748,4182368),(552724,4182344),(552693,4182376),(552717,4182399),(552748,4182368)
(552863,4182249),(552841,4182227),(552811,4182257),(552833,4182279),(552863,4182249)
(553251,4182328),(553219,4182295),(553172,4182342),(553204,4182374),(553251,4182328)
(552910,4182340),(552878,4182308),(552828,4182357),(552860,4182389),(552910,4182340)
(552872,4182254),(552851,4182233),(552818,4182266),(552839,4182286),(552872,4182254)
(552897,4182412),(552866,4182381),(552838,4182409),(552869,4182440),(552897,4182412)
(553078,4182321),(553058,4182300),(553026,4182330),(553045,4182351),(553078,4182321)
(553035,4182383),(553005,4182353),(552972,4182386),(553002,4182415),(553035,4182383)
(553161,4182441),(553141,4182420),(553109,4182452),(553129,4182472),(553161,4182441)
(552797,4182312),(552764,4182279),(552715,4182327),(552748,4182361),(552797,4182312)
(552696,4182367),(552674,4182345),(552650,4182368),(552672,4182391),(552696,4182367)
(552941,4182371),(552903,4182334),(552878,4182360),(552916,4182397),(552941,4182371)
(552771,4182147),(552731,4182107),(552682,4182156),(552721,4182196),(552771,4182147)
(552989,4182389),(552959,4182358),(552934,4182382),(552964,4182413),(552989,4182389)
(553098,4182172),(553073,4182147),(553032,4182187),(553057,4182212),(553098,4182172)
(552953,4182356),(552921,4182325),(552900,4182346),(552932,4182378),(552953,4182356)
(553253,4182448),(553200,4182395),(553169,4182425),(553222,4182479),(553253,4182448)
(553090,4182331),(553064,4182305),(553013,4182355),(553039,4182381),(553090,4182331)
(552863,4182377),(552835,4182350),(552803,4182382),(552831,4182410),(552863,4182377)
(552778,4182293),(552749,4182264),(552700,4182312),(552729,4182341),(552778,4182293)
(553151,4182312),(553077,4182237),(553028,4182285),(553102,4182360),(553151,4182312)
(553155,4182434),(553136,4182416),(553104,4182447),(553123,4182466),(553155,4182434)
(553130,4182408),(553109,4182388),(553077,4182419),(553097,4182440),(553130,4182408)
(553283,4182384),(553233,4182331),(553196,4182367),(553246,4182419),(553283,4182384)
(552738,4182358),(552713,4182333),(552682,4182365),(552707,4182390),(552738,4182358)
(552919,4182267),(552875,4182222),(552825,4182272),(552869,4182317),(552919,4182267)
(552955,4182422),(552925,4182392),(552900,4182416),(552931,4182447),(552955,4182422)
(552807,4182322),(552783,4182298),(552734,4182346),(552758,4182370),(552807,4182322)
(552917,4182348),(552893,4182324),(552845,4182374),(552869,4182397),(552917,4182348)
(553183,4182261),(553154,4182232),(553108,4182277),(553137,4182307),(553183,4182261)
(552875,4182222),(552855,4182202),(552806,4182251),(552826,4182271),(552875,4182222)
(552946,4182105),(552884,4182042),(552833,4182093),(552895,4182155),(552946,4182105)
(552816,4181885),(552752,4181830),(552599,4182010),(552662,4182065),(552816,4181885)
(553169,4182412),(553134,4182376),(553084,4182425),(553119,4182461),(553169,4182412)
(552920,4182390),(552884,4182353),(552853,4182384),(552889,4182421),(552920,4182390)
(553070,4182240),(553037,4182206),(552994,4182248),(553027,4182282),(553070,4182240)
(552613,4183157),(552587,4183153),(552581,4183190),(552607,4183194),(552613,4183157)
(552612,4183109),(552583,4183104),(552577,4183139),(552606,4183143),(552612,4183109)
(552663,4183265),(552623,4183259),(552615,4183311),(552655,4183317),(552663,4183265)
(552471,4183286),(552444,4183282),(552436,4183332),(552462,4183336),(552471,4183286)
(552460,4183284),(552426,4183279),(552418,4183329),(552451,4183334),(552460,4183284)
(552571,4183066),(552528,4183059),(552522,4183098),(552564,4183106),(552571,4183066)
(552609,4183175),(552577,4183170),(552570,4183209),(552602,4183214),(552609,4183175)
(552590,4182941),(552536,4182933),(552528,4182988),(552581,4182996),(552590,4182941)
(552865,4183514),(552376,4182632),(552084,4182795),(552573,4183676),(552865,4183514)
(552595,4183180),(552567,4183176),(552563,4183206),(552591,4183211),(552595,4183180)
(552656,4183496),(552479,4182435),(552412,4182446),(552589,4183507),(552656,4183496)
(552666,4183119),(552539,4183091),(552453,4183483),(552579,4183511),(552666,4183119)
(552470,4183086),(552436,4183080),(552429,4183117),(552463,4183124),(552470,4183086)
(552602,4183108),(552564,4183102),(552557,4183147),(552595,4183153),(552602,4183108)
(552556,4183500),(552401,4182362),(552348,4182369),(552502,4183508),(552556,4183500)
(552493,4183089),(552462,4183084),(552452,4183141),(552483,4183146),(552493,4183089)
(552476,4183085),(552450,4183080),(552443,4183118),(552469,4183123),(552476,4183085)
(552640,4183113),(552599,4183106),(552589,4183162),(552630,4183169),(552640,4183113)
(552714,4182631),(552645,4182619),(552633,4182688),(552702,4182700),(552714,4182631)
(553207,4182728),(553170,4182690),(553122,4182738),(553159,4182775),(553207,4182728)
(553052,4182970),(552950,4182954),(552934,4183056),(553036,4183072),(553052,4182970)
(552547,4182892),(552454,4182877),(552444,4182940),(552537,4182955),(552547,4182892)
(553116,4182739),(553075,4182697),(553023,4182748),(553064,4182789),(553116,4182739)
(553029,4182278),(552987,4182235),(552936,4182286),(552978,4182328),(553029,4182278)
(552837,4182629),(552805,4182597),(552757,4182644),(552789,4182676),(552837,4182629)
(552912,4183165),(552816,4183148),(552806,4183210),(552901,4183226),(552912,4183165)
(552843,4182948),(552740,4182931),(552729,4182995),(552833,4183013),(552843,4182948)
(552627,4182526),(552571,4182517),(552562,4182570),(552618,4182579),(552627,4182526)
(552623,4183226),(552550,4183214),(552536,4183294),(552609,4183306),(552623,4183226)
(552748,4182708),(552689,4182698),(552680,4182754),(552739,4182763),(552748,4182708)
(552777,4182713),(552728,4182705),(552718,4182766),(552767,4182774),(552777,4182713)
(552820,4183090),(552760,4183080),(552750,4183137),(552811,4183147),(552820,4183090)
(552499,4183233),(552386,4183215),(552377,4183273),(552490,4183291),(552499,4183233)
(552624,4183052),(552576,4183044),(552566,4183104),(552614,4183112),(552624,4183052)
(553150,4183198),(552997,4183173),(552981,4183271),(553134,4183297),(553150,4183198)
(552495,4182988),(552437,4182979),(552427,4183037),(552485,4183047),(552495,4182988)
(552882,4183099),(552821,4183089),(552812,4183147),(552873,4183157),(552882,4183099)
(552863,4182834),(552803,4182823),(552792,4182884),(552853,4182895),(552863,4182834)
(553352,4183121),(553276,4183044),(553213,4183107),(553289,4183183),(553352,4183121)
(552541,4183240),(552482,4183230),(552472,4183288),(552532,4183298),(552541,4183240)
(552659,4183015),(552581,4183002),(552563,4183106),(552641,4183119),(552659,4183015)
(552993,4183071),(552932,4183060),(552921,4183122),(552983,4183133),(552993,4183071)
(552736,4182961),(552689,4182953),(552683,4182988),(552730,4182996),(552736,4182961)
(552790,4183038),(552726,4183028),(552716,4183084),(552780,4183095),(552790,4183038)
(553045,4183181),(552893,4183155),(552876,4183259),(553027,4183285),(553045,4183181)
(552778,4183084),(552748,4183079),(552743,4183112),(552773,4183117),(552778,4183084)
(552698,4183025),(552647,4183016),(552637,4183071),(552688,4183079),(552698,4183025)
(552710,4182958),(552656,4182949),(552646,4183010),(552699,4183019),(552710,4182958)
(553042,4182914),(552959,4182901),(552951,4182954),(553033,4182967),(553042,4182914)
(552777,4183098),(552745,4183092),(552737,4183135),(552769,4183141),(552777,4183098)
(552565,4183102),(552507,4183092),(552497,4183147),(552556,4183157),(552565,4183102)
(552928,4183268),(552870,4183258),(552854,4183350),(552912,4183360),(552928,4183268)
(552648,4182607),(552580,4182596),(552571,4182646),(552639,4182658),(552648,4182607)
(552284,4182571),(552223,4182561),(552216,4182603),(552277,4182613),(552284,4182571)
(552368,4182537),(552327,4182530),(552317,4182589),(552358,4182596),(552368,4182537)
(552721,4182615),(552689,4182610),(552679,4182667),(552711,4182672),(552721,4182615)
(552612,4182684),(552573,4182678),(552565,4182730),(552604,4182737),(552612,4182684)
(552651,4182268),(552608,4182225),(552574,4182259),(552616,4182302),(552651,4182268)
(552416,4182494),(552378,4182487),(552372,4182520),(552410,4182526),(552416,4182494)
(552320,4182271),(552272,4182263),(552265,4182309),(552312,4182317),(552320,4182271)
(552744,4182563),(552720,4182539),(552687,4182573),(552710,4182597),(552744,4182563)
(552452,4182553),(552397,4182543),(552387,4182605),(552442,4182615),(552452,4182553)
(552345,4182427),(552311,4182421),(552301,4182480),(552335,4182485),(552345,4182427)
(552561,4182675),(552510,4182667),(552504,4182706),(552555,4182714),(552561,4182675)
(552464,4182661),(552410,4182651),(552399,4182715),(552453,4182724),(552464,4182661)
(552422,4182203),(552396,4182177),(552344,4182228),(552370,4182255),(552422,4182203)
(552634,4182421),(552589,4182376),(552540,4182425),(552585,4182470),(552634,4182421)
(552557,4182694),(552486,4182683),(552480,4182721),(552551,4182732),(552557,4182694)
(552501,4182397),(552465,4182380),(552437,4182437),(552473,4182454),(552501,4182397)
(552296,4182420),(552249,4182412),(552242,4182450),(552290,4182457),(552296,4182420)
(552495,4182367),(552426,4182341),(552393,4182429),(552462,4182455),(552495,4182367)
(552597,4182578),(552534,4182569),(552521,4182670),(552583,4182678),(552597,4182578)
(552423,4182702),(552391,4182696),(552381,4182753),(552414,4182759),(552423,4182702)
(552740,4182449),(552669,4182377),(552580,4182466),(552651,4182538),(552740,4182449)
(552468,4182598),(552363,4182580),(552353,4182641),(552458,4182658),(552468,4182598)
(552754,4182555),(552721,4182521),(552697,4182545),(552730,4182578),(552754,4182555)
(552603,4182390),(552567,4182354),(552518,4182404),(552554,4182439),(552603,4182390)
(552447,4182376),(552397,4182368),(552387,4182435),(552437,4182443),(552447,4182376)
(552312,4182421),(552276,4182415),(552266,4182472),(552302,4182478),(552312,4182421)
(552293,4182437),(552266,4182434),(552261,4182473),(552288,4182476),(552293,4182437)
(552282,4182466),(552241,4182459),(552233,4182507),(552274,4182514),(552282,4182466)
(552264,4182591),(552219,4182583),(552213,4182619),(552258,4182627),(552264,4182591)
(552346,4182533),(552311,4182527),(552302,4182585),(552337,4182591),(552346,4182533)
(552410,4182192),(552375,4182156),(552322,4182207),(552357,4182243),(552410,4182192)
(552364,4182325),(552325,4182318),(552317,4182368),(552356,4182375),(552364,4182325)
(552495,4182627),(552452,4182620),(552445,4182659),(552488,4182666),(552495,4182627)
(552356,4182478),(552324,4182473),(552319,4182504),(552351,4182510),(552356,4182478)
(552473,4182555),(552436,4182549),(552425,4182611),(552462,4182617),(552473,4182555)
(552535,4182348),(552509,4182322),(552473,4182357),(552499,4182383),(552535,4182348)
(552446,4182338),(552403,4182331),(552394,4182388),(552437,4182395),(552446,4182338)
(552317,4182422),(552290,4182418),(552281,4182475),(552308,4182479),(552317,4182422)
(552417,4182487),(552378,4182480),(552374,4182507),(552412,4182513),(552417,4182487)
(552378,4182480),(552336,4182474),(552327,4182532),(552368,4182539),(552378,4182480)
(552332,4182421),(552305,4182417),(552295,4182477),(552322,4182482),(552332,4182421)
(552355,4182492),(552322,4182486),(552315,4182529),(552347,4182535),(552355,4182492)
(552411,4182317),(552296,4182201),(552241,4182256),(552356,4182372),(552411,4182317)
(552824,4183445),(552783,4183439),(552775,4183486),(552816,4183492),(552824,4183445)
(553090,4183354),(553059,4183349),(553053,4183387),(553084,4183392),(553090,4183354)
(552895,4183628),(552838,4183619),(552832,4183652),(552890,4183661),(552895,4183628)
(552824,4183445),(552763,4183436),(552753,4183497),(552814,4183506),(552824,4183445)
(553060,4183587),(553026,4183579),(553003,4183677),(553037,4183685),(553060,4183587)
(552849,4183549),(552788,4183539),(552778,4183604),(552838,4183614),(552849,4183549)
(553035,4183651),(552966,4183639),(552960,4183673),(553030,4183685),(553035,4183651)
(552890,4183260),(552795,4183244),(552780,4183337),(552874,4183352),(552890,4183260)
(553117,4183093),(553069,4183085),(553060,4183144),(553107,4183152),(553117,4183093)
(553134,4183124),(553073,4183113),(553064,4183161),(553126,4183172),(553134,4183124)
(553138,4183096),(553097,4183090),(553091,4183128),(553132,4183135),(553138,4183096)
(552857,4182875),(552808,4182867),(552802,4182900),(552851,4182908),(552857,4182875)
(552909,4183057),(552870,4183051),(552860,4183109),(552898,4183116),(552909,4183057)
(552918,4183059),(552888,4183054),(552879,4183113),(552909,4183118),(552918,4183059)
(552902,4182974),(552843,4182964),(552838,4182995),(552896,4183006),(552902,4182974)
(552890,4183054),(552862,4183049),(552852,4183108),(552880,4183113),(552890,4183054)
(552853,4182901),(552803,4182893),(552797,4182928),(552847,4182937),(552853,4182901)
(553308,4182977),(552426,4182677),(552401,4182752),(553282,4183053),(553308,4182977)
(552766,4183235),(552734,4183230),(552728,4183270),(552759,4183275),(552766,4183235)
(552796,4183239),(552734,4183229),(552724,4183286),(552786,4183297),(552796,4183239)
(552925,4183105),(552862,4183095),(552857,4183127),(552920,4183137),(552925,4183105)
(552866,4183080),(552823,4183073),(552818,4183102),(552861,4183109),(552866,4183080)
(552783,4183308),(552734,4183300),(552730,4183329),(552779,4183337),(552783,4183308)
(552985,4183113),(552926,4183103),(552920,4183137),(552979,4183147),(552985,4183113)
(552787,4183286),(552738,4183278),(552731,4183320),(552780,4183328),(552787,4183286)
(553135,4183115),(553096,4183108),(553091,4183137),(553130,4183144),(553135,4183115)
(552984,4183127),(552922,4183116),(552914,4183166),(552976,4183176),(552984,4183127)
(553518,4183050),(553473,4183004),(553448,4183028),(553494,4183074),(553518,4183050)
(553536,4183028),(553494,4182986),(553470,4183010),(553512,4183052),(553536,4183028)
(553462,4182550),(553434,4182517),(553393,4182551),(553421,4182584),(553462,4182550)
(553530,4182787),(553489,4182746),(553445,4182789),(553486,4182831),(553530,4182787)
(553546,4183020),(553502,4182975),(553478,4182999),(553523,4183044),(553546,4183020)
(553470,4183096),(553426,4183052),(553366,4183111),(553410,4183155),(553470,4183096)
(553507,4183059),(553464,4183014),(553439,4183039),(553482,4183083),(553507,4183059)
(553602,4182957),(553563,4182916),(553518,4182959),(553558,4183000),(553602,4182957)
(553528,4183039),(553483,4182994),(553459,4183019),(553504,4183064),(553528,4183039)
(553294,4182725),(553211,4182639),(553180,4182669),(553263,4182755),(553294,4182725)
(553607,4182866),(553559,4182818),(553515,4182861),(553563,4182909),(553607,4182866)
(553507,4182963),(553435,4182891),(553356,4182970),(553427,4183042),(553507,4182963)
(553269,4182751),(553185,4182664),(553154,4182695),(553238,4182781),(553269,4182751)
(553577,4182990),(553532,4182945),(553487,4182989),(553532,4183034),(553577,4182990)
(553263,4183053),(553189,4182979),(553148,4183021),(553221,4183095),(553263,4183053)
(553191,4182816),(553150,4182774),(553085,4182838),(553126,4182880),(553191,4182816)
(553508,4182755),(553462,4182709),(553412,4182758),(553458,4182804),(553508,4182755)
(553497,4183235),(553435,4183189),(553302,4183368),(553365,4183414),(553497,4183235)
(553563,4182912),(553486,4182835),(553417,4182903),(553495,4182980),(553563,4182912)
(553432,4182885),(553391,4182844),(553349,4182885),(553390,4182926),(553432,4182885)
(553453,4182805),(553410,4182762),(553366,4182805),(553409,4182848),(553453,4182805)
(553404,4182913),(553359,4182869),(553334,4182895),(553379,4182938),(553404,4182913)
(553329,4182680),(553286,4182637),(553234,4182690),(553276,4182733),(553329,4182680)
(553265,4183151),(553156,4183133),(553142,4183217),(553251,4183235),(553265,4183151)
(553180,4182923),(553136,4182878),(553061,4182952),(553105,4182996),(553180,4182923)
(553219,4182943),(553173,4182897),(553088,4182980),(553134,4183026),(553219,4182943)
(553397,4182612),(553324,4182538),(553259,4182603),(553332,4182677),(553397,4182612)
(553385,4182861),(553347,4182823),(553306,4182864),(553344,4182902),(553385,4182861)
(553421,4182837),(553377,4182792),(553337,4182832),(553382,4182877),(553421,4182837)
(553441,4182522),(553391,4182473),(553345,4182519),(553395,4182569),(553441,4182522)
(553392,4182925),(553359,4182892),(553316,4182934),(553349,4182967),(553392,4182925)
(553374,4182634),(553332,4182593),(553291,4182636),(553333,4182677),(553374,4182634)
(553693,4182780),(553620,4182706),(553551,4182774),(553624,4182848),(553693,4182780)
(553278,4183118),(553141,4183103),(553130,4183203),(553267,4183217),(553278,4183118)
(553483,4182835),(553443,4182795),(553394,4182843),(553434,4182884),(553483,4182835)
(553579,4182817),(553544,4182781),(553489,4182835),(553525,4182871),(553579,4182817)
(553577,4182740),(553512,4182674),(553460,4182726),(553526,4182791),(553577,4182740)
(553101,4182905),(553053,4182856),(553010,4182898),(553059,4182947),(553101,4182905)
(552967,4182851),(552888,4182837),(552876,4182912),(552954,4182925),(552967,4182851)
(553419,4183053),(553345,4182978),(553263,4183058),(553336,4183133),(553419,4183053)
(552921,4182871),(552859,4182861),(552852,4182908),(552913,4182918),(552921,4182871)
(553109,4183019),(553047,4183008),(553037,4183070),(553099,4183080),(553109,4183019)
(553355,4183048),(553316,4183008),(553263,4183059),(553302,4183099),(553355,4183048)
(553081,4182865),(553040,4182822),(552997,4182862),(553038,4182905),(553081,4182865)
(553217,4182917),(553187,4182887),(553161,4182912),(553191,4182943),(553217,4182917)
(552949,4182954),(552890,4182944),(552881,4182997),(552941,4183006),(552949,4182954)
(553041,4182812),(552997,4182769),(552939,4182827),(552982,4182870),(553041,4182812)
(552910,4182946),(552846,4182936),(552838,4182983),(552902,4182994),(552910,4182946)
(553252,4182891),(553196,4182835),(553151,4182880),(553207,4182936),(553252,4182891)
(553341,4183109),(553284,4183051),(553243,4183091),(553299,4183149),(553341,4183109)
(552957,4182906),(552895,4182895),(552887,4182943),(552950,4182953),(552957,4182906)
(553358,4182889),(553320,4182851),(553276,4182893),(553314,4182932),(553358,4182889)
(552953,4182746),(552899,4182692),(552851,4182739),(552905,4182794),(552953,4182746)
(553346,4182791),(553295,4182737),(553208,4182821),(553259,4182875),(553346,4182791)
(553122,4182821),(553081,4182780),(553034,4182828),(553074,4182868),(553122,4182821)
(553207,4183249),(553119,4183234),(553107,4183302),(553195,4183317),(553207,4183249)
(553163,4182786),(553119,4182742),(553075,4182786),(553119,4182830),(553163,4182786)
(553094,4183105),(553033,4183094),(553020,4183175),(553081,4183185),(553094,4183105)
(553201,4182901),(553167,4182867),(553131,4182904),(553164,4182937),(553201,4182901)
(553005,4182246),(552961,4182202),(552912,4182251),(552956,4182296),(553005,4182246)
(552523,4182261),(552463,4182197),(552386,4182269),(552445,4182333),(552523,4182261)
(552633,4182700),(552594,4182694),(552583,4182764),(552621,4182770),(552633,4182700)
(552762,4182278),(552704,4182219),(552654,4182268),(552713,4182327),(552762,4182278)
(552697,4182594),(552651,4182586),(552642,4182639),(552688,4182647),(552697,4182594)
(553092,4182609),(553045,4182562),(552996,4182611),(553043,4182658),(553092,4182609)
(552595,4182726),(552530,4182715),(552519,4182775),(552585,4182787),(552595,4182726)
(552803,4182602),(552759,4182556),(552714,4182600),(552758,4182646),(552803,4182602)
(552507,4182289),(552479,4182261),(552428,4182312),(552456,4182340),(552507,4182289)
(552526,4182144),(552458,4182076),(552336,4182197),(552404,4182265),(552526,4182144)
(552877,4182310),(552832,4182263),(552783,4182310),(552828,4182357),(552877,4182310)
(552924,4182545),(552885,4182506),(552832,4182560),(552870,4182598),(552924,4182545)
(552984,4182267),(552966,4182248),(552939,4182275),(552957,4182294),(552984,4182267)
(552615,4182301),(552560,4182245),(552504,4182300),(552559,4182356),(552615,4182301)
(553003,4182522),(552957,4182475),(552908,4182523),(552955,4182570),(553003,4182522)
(552714,4182334),(552652,4182272),(552603,4182321),(552664,4182383),(552714,4182334)
(552577,4182573),(552507,4182562),(552497,4182618),(552568,4182629),(552577,4182573)
(552617,4182794),(552542,4182781),(552524,4182883),(552599,4182895),(552617,4182794)
(552485,4182675),(552447,4182669),(552443,4182696),(552481,4182702),(552485,4182675)
(552336,4182575),(552301,4182570),(552292,4182632),(552326,4182638),(552336,4182575)
(552350,4182641),(552321,4182636),(552315,4182669),(552345,4182674),(552350,4182641)
(552307,4182699),(552280,4182694),(552273,4182734),(552300,4182739),(552307,4182699)
(552697,4182857),(552665,4182851),(552656,4182904),(552688,4182910),(552697,4182857)
(552269,4182671),(552209,4182660),(552198,4182722),(552258,4182732),(552269,4182671)
(552347,4182654),(552319,4182649),(552313,4182681),(552341,4182686),(552347,4182654)
(552404,4182650),(552375,4182645),(552369,4182683),(552398,4182688),(552404,4182650)
(552519,4182746),(552476,4182739),(552471,4182769),(552514,4182776),(552519,4182746)
(552310,4182528),(552262,4182520),(552253,4182577),(552301,4182585),(552310,4182528)
(552506,4182797),(552468,4182791),(552462,4182829),(552500,4182836),(552506,4182797)
(552523,4182844),(552491,4182839),(552485,4182876),(552517,4182881),(552523,4182844)
(552652,4182586),(552583,4182574),(552576,4182615),(552645,4182627),(552652,4182586)
(552550,4182614),(552498,4182605),(552488,4182665),(552540,4182674),(552550,4182614)
(552515,4182715),(552482,4182709),(552477,4182740),(552509,4182746),(552515,4182715)
(552333,4182638),(552298,4182632),(552288,4182691),(552323,4182697),(552333,4182638)
(552488,4182664),(552449,4182658),(552444,4182689),(552482,4182695),(552488,4182664)
(552530,4182670),(552489,4182664),(552482,4182703),(552523,4182709),(552530,4182670)
(552320,4182578),(552293,4182574),(552284,4182631),(552312,4182635),(552320,4182578)
(552384,4182695),(552343,4182688),(552334,4182745),(552375,4182752),(552384,4182695)
(552509,4182775),(552472,4182769),(552465,4182811),(552502,4182817),(552509,4182775)
(552340,4182596),(552308,4182590),(552279,4182736),(552312,4182743),(552340,4182596)
(552359,4182587),(552318,4182580),(552313,4182607),(552354,4182614),(552359,4182587)
(552593,4182681),(552541,4182672),(552531,4182728),(552584,4182736),(552593,4182681)
(552504,4182561),(552452,4182553),(552446,4182594),(552498,4182602),(552504,4182561)
(552413,4182651),(552384,4182647),(552378,4182685),(552407,4182689),(552413,4182651)
(552399,4182698),(552365,4182692),(552355,4182749),(552389,4182755),(552399,4182698)
(552429,4182654),(552381,4182646),(552372,4182703),(552420,4182710),(552429,4182654)
(552360,4182579),(552316,4182572),(552311,4182599),(552356,4182607),(552360,4182579)
(552481,4182697),(552443,4182691),(552439,4182719),(552477,4182726),(552481,4182697)
(552401,4182650),(552369,4182645),(552361,4182701),(552392,4182706),(552401,4182650)
(552281,4182589),(552245,4182583),(552238,4182623),(552274,4182629),(552281,4182589)
(552343,4182686),(552284,4182676),(552277,4182716),(552336,4182726),(552343,4182686)
(552341,4182639),(552313,4182635),(552306,4182678),(552334,4182682),(552341,4182639)
(552501,4182583),(552448,4182574),(552442,4182615),(552495,4182623),(552501,4182583)
(552477,4182728),(552438,4182721),(552431,4182761),(552470,4182768),(552477,4182728)
(552498,4182604),(552445,4182595),(552435,4182656),(552488,4182665),(552498,4182604)
(552347,4182667),(552309,4182660),(552303,4182694),(552340,4182701),(552347,4182667)
(552520,4182739),(552478,4182733),(552474,4182759),(552516,4182766),(552520,4182739)
(552478,4182717),(552440,4182710),(552435,4182741),(552473,4182748),(552478,4182717)
(552411,4182700),(552379,4182694),(552369,4182750),(552402,4182756),(552411,4182700)
(552436,4182704),(552406,4182699),(552397,4182755),(552428,4182760),(552436,4182704)
(552543,4182720),(552482,4182710),(552472,4182768),(552534,4182778),(552543,4182720)
(552773,4183317),(552387,4182336),(552340,4182355),(552726,4183336),(552773,4183317)
(552316,4182640),(552215,4182623),(552198,4182722),(552300,4182739),(552316,4182640)
(552339,4182704),(552299,4182698),(552292,4182738),(552333,4182744),(552339,4182704)
(552413,4182573),(552365,4182564),(552358,4182600),(552407,4182608),(552413,4182573)
(552686,4183565),(552660,4183560),(552652,4183601),(552679,4183605),(552686,4183565)
(552590,4183572),(552564,4183568),(552558,4183607),(552584,4183611),(552590,4183572)
(552629,4183338),(552572,4183328),(552566,4183365),(552623,4183375),(552629,4183338)
(552698,4183435),(552670,4183431),(552666,4183453),(552694,4183458),(552698,4183435)
(552543,4183568),(552511,4183562),(552505,4183598),(552537,4183603),(552543,4183568)
(552699,4183469),(552653,4183461),(552647,4183493),(552694,4183500),(552699,4183469)
(552511,4183439),(552457,4183425),(552447,4183463),(552501,4183477),(552511,4183439)
(552499,4183491),(552438,4183481),(552428,4183542),(552489,4183552),(552499,4183491)
(552517,4183294),(552466,4183285),(552457,4183341),(552507,4183350),(552517,4183294)
(552555,4183523),(552495,4183512),(552488,4183551),(552547,4183562),(552555,4183523)
(552484,4183389),(552455,4183384),(552446,4183436),(552475,4183440),(552484,4183389)
(552753,4183490),(552706,4183482),(552700,4183514),(552747,4183522),(552753,4183490)
(552739,4183573),(552666,4183561),(552658,4183608),(552731,4183620),(552739,4183573)
(552610,4183452),(552570,4183445),(552560,4183507),(552600,4183513),(552610,4183452)
(552718,4183441),(552660,4183432),(552655,4183458),(552713,4183468),(552718,4183441)
(552712,4183425),(552659,4183417),(552654,4183451),(552706,4183460),(552712,4183425)
(552746,4183540),(552684,4183529),(552674,4183583),(552737,4183594),(552746,4183540)
(552596,4183538),(552557,4183531),(552544,4183604),(552584,4183611),(552596,4183538)
(552677,4183563),(552636,4183556),(552631,4183586),(552672,4183593),(552677,4183563)
(552648,4183481),(552587,4183470),(552580,4183510),(552641,4183520),(552648,4183481)
(552778,4183339),(552722,4183329),(552705,4183430),(552761,4183440),(552778,4183339)
(552481,4183442),(552436,4183434),(552427,4183485),(552472,4183493),(552481,4183442)
(552560,4183461),(552533,4183456),(552525,4183501),(552552,4183505),(552560,4183461)
(552455,4183441),(552404,4183432),(552396,4183479),(552447,4183488),(552455,4183441)
(552522,4183357),(552469,4183349),(552462,4183390),(552515,4183399),(552522,4183357)
(552678,4183575),(552634,4183567),(552630,4183595),(552673,4183602),(552678,4183575)
(552738,4183593),(552633,4183574),(552626,4183616),(552731,4183635),(552738,4183593)
(552532,4183532),(552493,4183525),(552487,4183557),(552526,4183564),(552532,4183532)
(552800,4183584),(552740,4183574),(552730,4183635),(552790,4183645),(552800,4183584)
(552422,4183378),(552371,4183369),(552364,4183409),(552415,4183418),(552422,4183378)
(552427,4183421),(552364,4183410),(552354,4183472),(552416,4183483),(552427,4183421)
(552403,4183395),(552368,4183389),(552362,4183425),(552397,4183431),(552403,4183395)
(552562,4183371),(552520,4183364),(552514,4183399),(552556,4183406),(552562,4183371)
(552529,4183544),(552491,4183537),(552485,4183570),(552523,4183577),(552529,4183544)
(552759,4183456),(552683,4183443),(552674,4183497),(552750,4183510),(552759,4183456)
(552485,4183286),(552446,4183284),(552442,4183352),(552481,4183354),(552485,4183286)
(552579,4183366),(552522,4183356),(552517,4183384),(552574,4183394),(552579,4183366)
(552720,4183428),(552692,4183424),(552687,4183456),(552715,4183461),(552720,4183428)
(552684,4183521),(552643,4183514),(552632,4183576),(552673,4183583),(552684,4183521)
(552516,4183394),(552463,4183385),(552455,4183434),(552508,4183443),(552516,4183394)
(552528,4183322),(552477,4183313),(552467,4183368),(552518,4183378),(552528,4183322)
(552717,4183448),(552656,4183438),(552652,4183465),(552712,4183475),(552717,4183448)
(552938,4182357),(552876,4182347),(552694,4183465),(552756,4183475),(552938,4182357)
(553076,4182345),(553022,4182326),(552570,4183583),(552624,4183603),(553076,4182345)
(553292,4182642),(553095,4182443),(552517,4183016),(552714,4183215),(553292,4182642)
(552883,4182426),(552852,4182394),(552816,4182429),(552847,4182461),(552883,4182426)
(553279,4182629),(552397,4182482),(552387,4182542),(553269,4182688),(553279,4182629)
(552748,4182637),(552710,4182630),(552698,4182700),(552736,4182706),(552748,4182637)
(552759,4182548),(552740,4182529),(552720,4182549),(552739,4182568),(552759,4182548)
(552970,4182728),(552938,4182697),(552915,4182720),(552948,4182752),(552970,4182728)
(552779,4182530),(552746,4182497),(552725,4182517),(552758,4182550),(552779,4182530)
(552757,4182377),(552734,4182354),(552702,4182385),(552726,4182408),(552757,4182377)
(553059,4182730),(553018,4182689),(552991,4182715),(553032,4182757),(553059,4182730)
(553084,4182707),(553042,4182665),(553003,4182703),(553045,4182746),(553084,4182707)
(552946,4182438),(552922,4182399),(552435,4182694),(552458,4182733),(552946,4182438)
(552764,4182424),(552693,4182353),(552664,4182382),(552735,4182453),(552764,4182424)
(552801,4182509),(552773,4182482),(552748,4182507),(552775,4182534),(552801,4182509)
(553015,4182686),(552967,4182637),(552936,4182668),(552984,4182717),(553015,4182686)
(552838,4182458),(552815,4182435),(552788,4182462),(552810,4182485),(552838,4182458)
(553241,4182766),(553209,4182733),(553162,4182778),(553194,4182811),(553241,4182766)
(552789,4182520),(552762,4182493),(552743,4182511),(552770,4182538),(552789,4182520)
(552763,4182502),(552730,4182470),(552699,4182502),(552732,4182534),(552763,4182502)
(552992,4182708),(552942,4182657),(552897,4182701),(552947,4182752),(552992,4182708)
(552980,4182602),(552926,4182547),(552871,4182602),(552925,4182656),(552980,4182602)
(552732,4182626),(552700,4182620),(552691,4182669),(552723,4182675),(552732,4182626)
(552726,4182659),(552694,4182653),(552686,4182697),(552718,4182703),(552726,4182659)
(552784,4182524),(552752,4182491),(552732,4182510),(552764,4182543),(552784,4182524)
(552844,4182465),(552824,4182444),(552796,4182471),(552817,4182492),(552844,4182465)
(552785,4182669),(552743,4182663),(552736,4182706),(552778,4182713),(552785,4182669)
(552880,4182395),(552857,4182372),(552808,4182422),(552831,4182444),(552880,4182395)
(552815,4182331),(552790,4182305),(552758,4182337),(552782,4182362),(552815,4182331)
(552942,4183110),(552765,4182497),(552718,4182510),(552895,4183123),(552942,4183110)
(553026,4182674),(552989,4182636),(552970,4182655),(553007,4182693),(553026,4182674)
(553012,4182528),(552835,4182350),(552785,4182400),(552962,4182577),(553012,4182528)
(552831,4182478),(552802,4182448),(552777,4182473),(552806,4182502),(552831,4182478)
(553021,4182679),(552984,4182641),(552964,4182660),(553001,4182698),(553021,4182679)
(553004,4182356),(552955,4182343),(552798,4182911),(552847,4182925),(553004,4182356)
(552887,4182507),(552784,4182403),(552734,4182452),(552836,4182557),(552887,4182507)
(552789,4182496),(552741,4182447),(552692,4182496),(552739,4182545),(552789,4182496)
(553040,4182662),(553007,4182628),(552979,4182655),(553012,4182689),(553040,4182662)
(552763,4182662),(552738,4182659),(552731,4182705),(552756,4182708),(552763,4182662)
(553274,4182672),(553232,4182630),(553202,4182660),(553244,4182702),(553274,4182672)
(552964,4182679),(552922,4182637),(552878,4182681),(552920,4182723),(552964,4182679)
(552752,4182651),(552724,4182647),(552716,4182703),(552745,4182707),(552752,4182651)
(552430,4182442),(552398,4182437),(552392,4182474),(552424,4182480),(552430,4182442)
(552512,4182518),(552492,4182515),(552488,4182538),(552509,4182541),(552512,4182518)
(552364,4182322),(552265,4182306),(552254,4182370),(552354,4182386),(552364,4182322)
(552323,4182472),(552283,4182466),(552273,4182523),(552314,4182530),(552323,4182472)
(552423,4182546),(552370,4182537),(552362,4182581),(552415,4182590),(552423,4182546)
(552493,4182500),(552461,4182495),(552452,4182553),(552483,4182558),(552493,4182500)
(552330,4182494),(552300,4182489),(552294,4182526),(552324,4182531),(552330,4182494)
(552442,4182444),(552404,4182438),(552394,4182495),(552433,4182501),(552442,4182444)
(552373,4182369),(552259,4182350),(552249,4182411),(552362,4182430),(552373,4182369)
(552489,4182452),(552451,4182446),(552441,4182503),(552479,4182509),(552489,4182452)
(552344,4182476),(552314,4182471),(552304,4182528),(552334,4182533),(552344,4182476)
(552257,4182499),(552242,4182484),(552226,4182499),(552242,4182515),(552257,4182499)
(552282,4182523),(552255,4182519),(552248,4182561),(552275,4182565),(552282,4182523)
(552451,4182493),(552412,4182487),(552403,4182544),(552441,4182550),(552451,4182493)
(552406,4182238),(552382,4182215),(552357,4182239),(552382,4182263),(552406,4182238)
(552522,4182457),(552486,4182451),(552480,4182490),(552516,4182496),(552522,4182457)
(552561,4182182),(552533,4182153),(552484,4182201),(552513,4182230),(552561,4182182)
(552482,4182498),(552431,4182490),(552421,4182547),(552472,4182556),(552482,4182498)
(552402,4182331),(552354,4182323),(552347,4182367),(552395,4182375),(552402,4182331)
(552471,4182449),(552439,4182444),(552430,4182501),(552461,4182506),(552471,4182449)
(552529,4182311),(552493,4182275),(552441,4182327),(552477,4182363),(552529,4182311)
(552303,4182469),(552262,4182462),(552253,4182519),(552293,4182526),(552303,4182469)
(552519,4182476),(552465,4182467),(552459,4182506),(552513,4182515),(552519,4182476)
(552511,4182521),(552469,4182515),(552463,4182555),(552505,4182561),(552511,4182521)
(552393,4182389),(552350,4182382),(552345,4182410),(552388,4182417),(552393,4182389)
(552278,4182494),(552236,4182487),(552231,4182516),(552273,4182522),(552278,4182494)
(552566,4182350),(552532,4182314),(552501,4182345),(552535,4182380),(552566,4182350)
(552286,4182442),(552245,4182435),(552239,4182469),(552281,4182476),(552286,4182442)
(552515,4182503),(552466,4182495),(552460,4182534),(552508,4182542),(552515,4182503)
(552257,4182480),(552234,4182476),(552229,4182506),(552252,4182510),(552257,4182480)
(552282,4182523),(552232,4182515),(552222,4182572),(552272,4182580),(552282,4182523)
(552413,4182506),(552374,4182500),(552367,4182539),(552407,4182546),(552413,4182506)
(552384,4182434),(552325,4182424),(552315,4182481),(552375,4182491),(552384,4182434)
(552391,4182428),(552382,4182392),(552238,4182431),(552248,4182468),(552391,4182428)
(552546,4182329),(552515,4182297),(552464,4182347),(552495,4182379),(552546,4182329)
(552338,4182475),(552310,4182470),(552303,4182508),(552330,4182513),(552338,4182475)
(552318,4182261),(552274,4182254),(552269,4182284),(552313,4182291),(552318,4182261)
(552660,4182010),(552592,4181941),(552461,4182072),(552529,4182141),(552660,4182010)
(552324,4182424),(552297,4182419),(552288,4182476),(552315,4182481),(552324,4182424)
(552512,4182516),(552476,4182510),(552471,4182535),(552508,4182542),(552512,4182516)
(552506,4182455),(552469,4182449),(552462,4182487),(552500,4182493),(552506,4182455)
(552390,4182397),(552349,4182391),(552344,4182419),(552386,4182426),(552390,4182397)
(552559,4182263),(552489,4182184),(552454,4182216),(552523,4182295),(552559,4182263)
(552385,4182434),(552354,4182429),(552348,4182465),(552379,4182470),(552385,4182434)
(552424,4182441),(552387,4182435),(552377,4182492),(552414,4182498),(552424,4182441)
(552673,4182382),(552608,4182316),(552563,4182359),(552628,4182425),(552673,4182382)
(552393,4182380),(552351,4182374),(552347,4182402),(552389,4182409),(552393,4182380)
(552330,4182532),(552290,4182525),(552281,4182582),(552321,4182588),(552330,4182532)
(552872,4182770),(552792,4182756),(552783,4182813),(552863,4182826),(552872,4182770)
(552560,4182500),(552516,4182493),(552511,4182524),(552556,4182531),(552560,4182500)
(552827,4182870),(552785,4182863),(552775,4182924),(552817,4182931),(552827,4182870)
(552743,4182531),(552700,4182489),(552651,4182538),(552693,4182580),(552743,4182531)
(552705,4182656),(552680,4182652),(552677,4182674),(552702,4182678),(552705,4182656)
(552705,4182701),(552633,4182689),(552623,4182747),(552695,4182759),(552705,4182701)
(552803,4182878),(552752,4182870),(552745,4182919),(552795,4182927),(552803,4182878)
(552624,4182751),(552586,4182745),(552579,4182785),(552617,4182792),(552624,4182751)
(553060,4182579),(553023,4182541),(552974,4182588),(553011,4182627),(553060,4182579)
(552545,4182371),(552515,4182340),(552485,4182369),(552516,4182400),(552545,4182371)
(552961,4182455),(552872,4182418),(552632,4182992),(552720,4183029),(552961,4182455)
(552817,4182608),(552792,4182584),(552745,4182631),(552770,4182656),(552817,4182608)
(552603,4182579),(552574,4182574),(552558,4182674),(552586,4182679),(552603,4182579)
(552845,4182277),(552806,4182238),(552757,4182286),(552796,4182325),(552845,4182277)
(552891,4182684),(552838,4182630),(552793,4182674),(552846,4182728),(552891,4182684)
(552643,4182638),(552575,4182626),(552566,4182677),(552634,4182689),(552643,4182638)
(552679,4182746),(552625,4182737),(552616,4182792),(552670,4182801),(552679,4182746)
(552712,4182532),(552685,4182504),(552651,4182537),(552678,4182565),(552712,4182532)
(552636,4182688),(552596,4182681),(552590,4182714),(552631,4182720),(552636,4182688)
(552588,4182522),(552545,4182515),(552537,4182566),(552580,4182573),(552588,4182522)
(552583,4182466),(552523,4182457),(552514,4182513),(552574,4182523),(552583,4182466)
(552981,4182651),(552946,4182617),(552916,4182647),(552950,4182681),(552981,4182651)
(552608,4182515),(552568,4182475),(552526,4182517),(552566,4182556),(552608,4182515)
(552838,4182184),(552789,4182135),(552747,4182176),(552796,4182226),(552838,4182184)
(552908,4182622),(552851,4182566),(552807,4182611),(552864,4182667),(552908,4182622)
(553036,4182555),(553000,4182519),(552951,4182567),(552987,4182603),(553036,4182555)
(553022,4182766),(552982,4182725),(552940,4182766),(552980,4182808),(553022,4182766)
(553156,4182665),(553099,4182607),(553044,4182661),(553101,4182719),(553156,4182665)
(552712,4182597),(552669,4182590),(552658,4182654),(552702,4182661),(552712,4182597)
(552718,4182809),(552678,4182802),(552668,4182864),(552708,4182870),(552718,4182809)
(552549,4182531),(552524,4182527),(552521,4182550),(552545,4182554),(552549,4182531)
(552601,4182895),(552537,4182885),(552527,4182944),(552592,4182954),(552601,4182895)
(552735,4182812),(552699,4182805),(552687,4182867),(552723,4182874),(552735,4182812)
(552544,4182737),(552506,4182731),(552500,4182771),(552538,4182777),(552544,4182737)
(552851,4182552),(552806,4182507),(552755,4182559),(552800,4182603),(552851,4182552)
(552566,4182512),(552513,4182504),(552504,4182563),(552557,4182571),(552566,4182512)
(552771,4182754),(552666,4182736),(552656,4182799),(552761,4182817),(552771,4182754)
(552987,4182785),(552954,4182752),(552911,4182795),(552944,4182828),(552987,4182785)
(552700,4183173),(552620,4183159),(552611,4183212),(552691,4183225),(552700,4183173)
(552761,4182816),(552719,4182809),(552709,4182871),(552751,4182878),(552761,4182816)
(552755,4183182),(552706,4183173),(552698,4183221),(552746,4183229),(552755,4183182)
(552557,4183153),(552497,4183142),(552488,4183194),(552548,4183204),(552557,4183153)
(553085,4183420),(552980,4183402),(552973,4183447),(553078,4183464),(553085,4183420)
(552507,4183191),(552471,4183185),(552462,4183238),(552498,4183244),(552507,4183191)
(552888,4183110),(552861,4183106),(552852,4183154),(552879,4183158),(552888,4183110)
(552649,4182848),(552608,4182841),(552598,4182895),(552640,4182902),(552649,4182848)
(552548,4183199),(552489,4183189),(552480,4183241),(552539,4183251),(552548,4183199)
(552726,4183026),(552678,4183019),(552668,4183078),(552716,4183086),(552726,4183026)
(552636,4183314),(552576,4183304),(552568,4183348),(552628,4183358),(552636,4183314)
(552582,4183003),(552520,4182993),(552510,4183055),(552572,4183065),(552582,4183003)
(552943,4182994),(552891,4182986),(552881,4183048),(552932,4183057),(552943,4182994)
(552894,4182993),(552840,4182984),(552831,4183039),(552885,4183048),(552894,4182993)
(552915,4182899),(552855,4182889),(552847,4182936),(552907,4182946),(552915,4182899)
(552670,4182945),(552613,4182936),(552602,4183002),(552659,4183011),(552670,4182945)
(552698,4182805),(552615,4182792),(552604,4182860),(552687,4182874),(552698,4182805)
(552804,4183188),(552735,4183177),(552726,4183228),(552795,4183240),(552804,4183188)
(552656,4182905),(552598,4182896),(552582,4182998),(552639,4183008),(552656,4182905)
(552627,4183010),(552579,4183002),(552570,4183057),(552618,4183065),(552627,4183010)
(552998,4183399),(552965,4183353),(552856,4183431),(552889,4183477),(552998,4183399)
(552753,4182858),(552686,4182847),(552681,4182879),(552748,4182890),(552753,4182858)
(552788,4182925),(552744,4182918),(552738,4182952),(552782,4182959),(552788,4182925)
(552822,4182826),(552760,4182816),(552750,4182878),(552812,4182888),(552822,4182826)
(552973,4183097),(552928,4183090),(552922,4183123),(552967,4183130),(552973,4183097)
(552692,4183222),(552646,4183215),(552637,4183272),(552683,4183279),(552692,4183222)
(552526,4183095),(552486,4183088),(552477,4183144),(552517,4183150),(552526,4183095)
(552445,4183285),(552385,4183274),(552377,4183322),(552437,4183332),(552445,4183285)
(552733,4183330),(552676,4183321),(552659,4183423),(552716,4183432),(552733,4183330)
(552837,4183346),(552793,4183339),(552775,4183444),(552819,4183451),(552837,4183346)
(552718,4183072),(552638,4183059),(552628,4183118),(552708,4183132),(552718,4183072)
(553031,4183086),(552987,4183079),(552972,4183168),(553016,4183175),(553031,4183086)
(552795,4182984),(552733,4182974),(552725,4183023),(552786,4183033),(552795,4182984)
(552803,4182865),(552754,4182858),(552749,4182890),(552798,4182897),(552803,4182865)
(553175,4182524),(553116,4182465),(553068,4182513),(553128,4182572),(553175,4182524)
(552962,4182229),(552936,4182204),(552900,4182240),(552925,4182266),(552962,4182229)
(552862,4182209),(552788,4182136),(552698,4182227),(552771,4182300),(552862,4182209)
(553252,4182603),(553179,4182529),(553129,4182578),(553202,4182652),(553252,4182603)
(552955,4182301),(552920,4182267),(552871,4182316),(552906,4182350),(552955,4182301)
(553013,4182100),(552946,4182032),(552905,4182073),(552972,4182141),(553013,4182100)
(552869,4182216),(552843,4182191),(552813,4182221),(552839,4182246),(552869,4182216)
(553329,4182526),(553256,4182452),(553182,4182526),(553255,4182600),(553329,4182526)
(552931,4182447),(552902,4182414),(552871,4182441),(552900,4182474),(552931,4182447)
(552969,4182213),(552935,4182178),(552886,4182227),(552920,4182261),(552969,4182213)
(552783,4182403),(552744,4182365),(552713,4182395),(552752,4182434),(552783,4182403)
(553098,4182214),(553065,4182181),(553025,4182220),(553059,4182253),(553098,4182214)
(552851,4182235),(552829,4182214),(552799,4182245),(552821,4182266),(552851,4182235)
(553167,4182247),(553119,4182200),(553074,4182245),(553121,4182293),(553167,4182247)
(553229,4182472),(553166,4182408),(553115,4182458),(553178,4182522),(553229,4182472)
(553051,4182187),(553000,4182136),(552957,4182179),(553008,4182230),(553051,4182187)
(552990,4182132),(552952,4182093),(552894,4182150),(552932,4182189),(552990,4182132)
(553349,4182963),(552486,4182382),(552449,4182436),(553312,4183018),(553349,4182963)
(553058,4182134),(553020,4182095),(552971,4182143),(553009,4182182),(553058,4182134)
(553015,4182216),(552957,4182158),(552922,4182193),(552980,4182251),(553015,4182216)
(553213,4182649),(553053,4182489),(553002,4182540),(553162,4182700),(553213,4182649)
(552963,4182311),(552933,4182281),(552884,4182330),(552914,4182360),(552963,4182311)
(552933,4182647),(552895,4182608),(552867,4182636),(552905,4182675),(552933,4182647)
(552837,4182351),(552799,4182312),(552748,4182362),(552786,4182401),(552837,4182351)
(552920,4182661),(552877,4182618),(552846,4182649),(552888,4182692),(552920,4182661)
(552895,4182144),(552839,4182087),(552793,4182132),(552849,4182189),(552895,4182144)
(552666,4182907),(552636,4182902),(552630,4182939),(552660,4182944),(552666,4182907)
(552742,4182919),(552696,4182912),(552690,4182952),(552736,4182959),(552742,4182919)
(552827,4183044),(552772,4183036),(552763,4183092),(552818,4183101),(552827,4183044)
(552531,4183055),(552473,4183045),(552465,4183090),(552523,4183100),(552531,4183055)
(552717,4182915),(552682,4182909),(552672,4182967),(552707,4182973),(552717,4182915)
(552871,4183051),(552828,4183044),(552820,4183093),(552863,4183100),(552871,4183051)
(552701,4182913),(552664,4182906),(552654,4182968),(552691,4182974),(552701,4182913)
(552684,4183269),(552639,4183262),(552630,4183313),(552676,4183321),(552684,4183269)
(553001,4183280),(552907,4183264),(552892,4183357),(552986,4183373),(553001,4183280)
(553181,4182960),(553167,4182886),(552412,4183024),(552426,4183098),(553181,4182960)
(552540,4182996),(552483,4182987),(552470,4183058),(552528,4183068),(552540,4182996)
(552607,4183156),(552555,4183147),(552549,4183186),(552600,4183194),(552607,4183156)
(552675,4183320),(552615,4183310),(552605,4183371),(552665,4183381),(552675,4183320)
(552765,4183081),(552718,4183073),(552708,4183130),(552756,4183138),(552765,4183081)
(552588,4183171),(552552,4183165),(552545,4183205),(552582,4183211),(552588,4183171)
(552827,4182827),(552802,4182824),(552795,4182867),(552821,4182871),(552827,4182827)
(552678,4182853),(552633,4182846),(552625,4182900),(552669,4182907),(552678,4182853)
(552515,4183143),(552485,4183138),(552479,4183174),(552509,4183179),(552515,4183143)
(552881,4183052),(552844,4183046),(552834,4183105),(552871,4183111),(552881,4183052)
(552914,4182844),(552821,4182814),(552702,4183179),(552794,4183209),(552914,4182844)
(552436,4183312),(552383,4183303),(552371,4183375),(552424,4183384),(552436,4183312)
(552739,4182940),(552693,4182932),(552688,4182960),(552734,4182968),(552739,4182940)
(552838,4182993),(552786,4182984),(552779,4183031),(552830,4183039),(552838,4182993)
(552738,4182949),(552692,4182941),(552686,4182973),(552733,4182981),(552738,4182949)
(552747,4182870),(552688,4182859),(552680,4182904),(552740,4182914),(552747,4182870)
(552677,4182909),(552646,4182904),(552639,4182949),(552670,4182954),(552677,4182909)
(552574,4183045),(552515,4183035),(552508,4183076),(552568,4183086),(552574,4183045)
(552820,4182839),(552781,4182833),(552774,4182881),(552813,4182887),(552820,4182839)
(552846,4182935),(552785,4182924),(552779,4182958),(552841,4182969),(552846,4182935)
(552512,4183159),(552482,4183154),(552476,4183192),(552506,4183197),(552512,4183159)
(552753,4183233),(552693,4183223),(552683,4183279),(552744,4183289),(552753,4183233)
(552288,4182078),(553004,4183309)