(551967,4181847),(553782,4181847),(553782,4183746),(551967,4183746)
(552714,4182631),(552645,4182619),(552633,4182688),(552702,4182700),(552714,4182631)
(553207,4182728),(553170,4182690),(553122,4182738),(553159,4182775),(553207,4182728)
(553052,4182970),(552950,4182954),(552934,4183056),(553036,4183072),(553052,4182970)
(552547,4182892),(552454,4182877),(552444,4182940),(552537,4182955),(552547,4182892)
(553116,4182739),(553075,4182697),(553023,4182748),(553064,4182789),(553116,4182739)
(553029,4182278),(552987,4182235),(552936,4182286),(552978,4182328),(553029,4182278)
(552837,4182629),(552805,4182597),(552757,4182644),(552789,4182676),(552837,4182629)
(552912,4183165),(552816,4183148),(552806,4183210),(552901,4183226),(552912,4183165)
(552843,4182948),(552740,4182931),(552729,4182995),(552833,4183013),(552843,4182948)
(552627,4182526),(552571,4182517),(552562,4182570),(552618,4182579),(552627,4182526)
(552623,4183226),(552550,4183214),(552536,4183294),(552609,4183306),(552623,4183226)
(552748,4182708),(552689,4182698),(552680,4182754),(552739,4182763),(552748,4182708)
(552777,4182713),(552728,4182705),(552718,4182766),(552767,4182774),(552777,4182713)
(552820,4183090),(552760,4183080),(552750,4183137),(552811,4183147),(552820,4183090)
(552499,4183233),(552386,4183215),(552377,4183273),(552490,4183291),(552499,4183233)
(552624,4183052),(552576,4183044),(552566,4183104),(552614,4183112),(552624,4183052)
(553150,4183198),(552997,4183173),(552981,4183271),(553134,4183297),(553150,4183198)
(552495,4182988),(552437,4182979),(552427,4183037),(552485,4183047),(552495,4182988)
(552882,4183099),(552821,4183089),(552812,4183147),(552873,4183157),(552882,4183099)
(552863,4182834),(552803,4182823),(552792,4182884),(552853,4182895),(552863,4182834)
(553352,4183121),(553276,4183044),(553213,4183107),(553289,4183183),(553352,4183121)
(552541,4183240),(552482,4183230),(552472,4183288),(552532,4183298),(552541,4183240)
(552659,4183015),(552581,4183002),(552563,4183106),(552641,4183119),(552659,4183015)
(552993,4183071),(552932,4183060),(552921,4183122),(552983,4183133),(552993,4183071)
(552736,4182961),(552689,4182953),(552683,4182988),(552730,4182996),(552736,4182961)
(552790,4183038),(552726,4183028),(552716,4183084),(552780,4183095),(552790,4183038)
(553045,4183181),(552893,4183155),(552876,4183259),(553027,4183285),(553045,4183181)
(552778,4183084),(552748,4183079),(552743,4183112),(552773,4183117),(552778,4183084)
(552698,4183025),(552647,4183016),(552637,4183071),(552688,4183079),(552698,4183025)
(552710,4182958),(552656,4182949),(552646,4183010),(552699,4183019),(552710,4182958)
(553042,4182914),(552959,4182901),(552951,4182954),(553033,4182967),(553042,4182914)
(552777,4183098),(552745,4183092),(552737,4183135),(552769,4183141),(552777,4183098)
(552565,4183102),(552507,4183092),(552497,4183147),(552556,4183157),(552565,4183102)
(552928,4183268),(552870,4183258),(552854,4183350),(552912,4183360),(552928,4183268)
(552648,4182607),(552580,4182596),(552571,4182646),(552639,4182658),(552648,4182607)
(552284,4182571),(552223,4182561),(552216,4182603),(552277,4182613),(552284,4182571)
(552368,4182537),(552327,4182530),(552317,4182589),(552358,4182596),(552368,4182537)
(552721,4182615),(552689,4182610),(552679,4182667),(552711,4182672),(552721,4182615)
(552612,4182684),(552573,4182678),(552565,4182730),(552604,4182737),(552612,4182684)
(552651,4182268),(552608,4182225),(552574,4182259),(552616,4182302),(552651,4182268)
(552416,4182494),(552378,4182487),(552372,4182520),(552410,4182526),(552416,4182494)
(552320,4182271),(552272,4182263),(552265,4182309),(552312,4182317),(552320,4182271)
(552744,4182563),(552720,4182539),(552687,4182573),(552710,4182597),(552744,4182563)
(552452,4182553),(552397,4182543),(552387,4182605),(552442,4182615),(552452,4182553)
(552345,4182427),(552311,4182421),(552301,4182480),(552335,4182485),(552345,4182427)
(552464,4182661),(552410,4182651),(552399,4182715),(552453,4182724),(552464,4182661)
(552422,4182203),(552396,4182177),(552344,4182228),(552370,4182255),(552422,4182203)
(552634,4182421),(552589,4182376),(552540,4182425),(552585,4182470),(552634,4182421)
(552557,4182694),(552486,4182683),(552480,4182721),(552551,4182732),(552557,4182694)
(552501,4182397),(552465,4182380),(552437,4182437),(552473,4182454),(552501,4182397)
(552296,4182420),(552249,4182412),(552242,4182450),(552290,4182457),(552296,4182420)
(552495,4182367),(552426,4182341),(552393,4182429),(552462,4182455),(552495,4182367)
(552597,4182578),(552534,4182569),(552521,4182670),(552583,4182678),(552597,4182578)
(552423,4182702),(552391,4182696),(552381,4182753),(552414,4182759),(552423,4182702)
(552740,4182449),(552669,4182377),(552580,4182466),(552651,4182538),(552740,4182449)
(552468,4182598),(552363,4182580),(552353,4182641),(552458,4182658),(552468,4182598)
(552754,4182555),(552721,4182521),(552697,4182545),(552730,4182578),(552754,4182555)
(552603,4182390),(552567,4182354),(552518,4182404),(552554,4182439),(552603,4182390)
(552447,4182376),(552397,4182368),(552387,4182435),(552437,4182443),(552447,4182376)
(552312,4182421),(552276,4182415),(552266,4182472),(552302,4182478),(552312,4182421)
(552293,4182437),(552266,4182434),(552261,4182473),(552288,4182476),(552293,4182437)
(552282,4182466),(552241,4182459),(552233,4182507),(552274,4182514),(552282,4182466)
(552264,4182591),(552219,4182583),(552213,4182619),(552258,4182627),(552264,4182591)
(552346,4182533),(552311,4182527),(552302,4182585),(552337,4182591),(552346,4182533)
(552410,4182192),(552375,4182156),(552322,4182207),(552357,4182243),(552410,4182192)
(552364,4182325),(552325,4182318),(552317,4182368),(552356,4182375),(552364,4182325)
(552356,4182478),(552324,4182473),(552319,4182504),(552351,4182510),(552356,4182478)
(552473,4182555),(552436,4182549),(552425,4182611),(552462,4182617),(552473,4182555)
(552535,4182348),(552509,4182322),(552473,4182357),(552499,4182383),(552535,4182348)
(552446,4182338),(552403,4182331),(552394,4182388),(552437,4182395),(552446,4182338)
(552317,4182422),(552290,4182418),(552281,4182475),(552308,4182479),(552317,4182422)
(552378,4182480),(552336,4182474),(552327,4182532),(552368,4182539),(552378,4182480)
(552332,4182421),(552305,4182417),(552295,4182477),(552322,4182482),(552332,4182421)
(552355,4182492),(552322,4182486),(552315,4182529),(552347,4182535),(552355,4182492)
(552411,4182317),(552296,4182201),(552241,4182256),(552356,4182372),(552411,4182317)
(553577,4182990),(553532,4182945),(553487,4182989),(553532,4183034),(553577,4182990)
(553263,4183053),(553189,4182979),(553148,4183021),(553221,4183095),(553263,4183053)
(553191,4182816),(553150,4182774),(553085,4182838),(553126,4182880),(553191,4182816)
(553508,4182755),(553462,4182709),(553412,4182758),(553458,4182804),(553508,4182755)
(553497,4183235),(553435,4183189),(553302,4183368),(553365,4183414),(553497,4183235)
(553563,4182912),(553486,4182835),(553417,4182903),(553495,4182980),(553563,4182912)
(553432,4182885),(553391,4182844),(553349,4182885),(553390,4182926),(553432,4182885)
(553453,4182805),(553410,4182762),(553366,4182805),(553409,4182848),(553453,4182805)
(553404,4182913),(553359,4182869),(553334,4182895),(553379,4182938),(553404,4182913)
(553329,4182680),(553286,4182637),(553234,4182690),(553276,4182733),(553329,4182680)
(553265,4183151),(553156,4183133),(553142,4183217),(553251,4183235),(553265,4183151)
(553180,4182923),(553136,4182878),(553061,4182952),(553105,4182996),(553180,4182923)
(553219,4182943),(553173,4182897),(553088,4182980),(553134,4183026),(553219,4182943)
(553397,4182612),(553324,4182538),(553259,4182603),(553332,4182677),(553397,4182612)
(553385,4182861),(553347,4182823),(553306,4182864),(553344,4182902),(553385,4182861)
(553421,4182837),(553377,4182792),(553337,4182832),(553382,4182877),(553421,4182837)
(553441,4182522),(553391,4182473),(553345,4182519),(553395,4182569),(553441,4182522)
(553392,4182925),(553359,4182892),(553316,4182934),(553349,4182967),(553392,4182925)
(553374,4182634),(553332,4182593),(553291,4182636),(553333,4182677),(553374,4182634)
(553693,4182780),(553620,4182706),(553551,4182774),(553624,4182848),(553693,4182780)
(553278,4183118),(553141,4183103),(553130,4183203),(553267,4183217),(553278,4183118)
(553483,4182835),(553443,4182795),(553394,4182843),(553434,4182884),(553483,4182835)
(553579,4182817),(553544,4182781),(553489,4182835),(553525,4182871),(553579,4182817)
(553577,4182740),(553512,4182674),(553460,4182726),(553526,4182791),(553577,4182740)
(553101,4182905),(553053,4182856),(553010,4182898),(553059,4182947),(553101,4182905)
(552967,4182851),(552888,4182837),(552876,4182912),(552954,4182925),(552967,4182851)
(553419,4183053),(553345,4182978),(553263,4183058),(553336,4183133),(553419,4183053)
(552921,4182871),(552859,4182861),(552852,4182908),(552913,4182918),(552921,4182871)
(553109,4183019),(553047,4183008),(553037,4183070),(553099,4183080),(553109,4183019)
(553355,4183048),(553316,4183008),(553263,4183059),(553302,4183099),(553355,4183048)
(553081,4182865),(553040,4182822),(552997,4182862),(553038,4182905),(553081,4182865)
(553217,4182917),(553187,4182887),(553161,4182912),(553191,4182943),(553217,4182917)
(552949,4182954),(552890,4182944),(552881,4182997),(552941,4183006),(552949,4182954)
(553041,4182812),(552997,4182769),(552939,4182827),(552982,4182870),(553041,4182812)
(552910,4182946),(552846,4182936),(552838,4182983),(552902,4182994),(552910,4182946)
(553252,4182891),(553196,4182835),(553151,4182880),(553207,4182936),(553252,4182891)
(553341,4183109),(553284,4183051),(553243,4183091),(553299,4183149),(553341,4183109)
(552957,4182906),(552895,4182895),(552887,4182943),(552950,4182953),(552957,4182906)
(553358,4182889),(553320,4182851),(553276,4182893),(553314,4182932),(553358,4182889)
(552953,4182746),(552899,4182692),(552851,4182739),(552905,4182794),(552953,4182746)
(553346,4182791),(553295,4182737),(553208,4182821),(553259,4182875),(553346,4182791)
(553122,4182821),(553081,4182780),(553034,4182828),(553074,4182868),(553122,4182821)
(553207,4183249),(553119,4183234),(553107,4183302),(553195,4183317),(553207,4183249)
(553163,4182786),(553119,4182742),(553075,4182786),(553119,4182830),(553163,4182786)
(553094,4183105),(553033,4183094),(553020,4183175),(553081,4183185),(553094,4183105)
(553201,4182901),(553167,4182867),(553131,4182904),(553164,4182937),(553201,4182901)
(553005,4182246),(552961,4182202),(552912,4182251),(552956,4182296),(553005,4182246)
(552523,4182261),(552463,4182197),(552386,4182269),(552445,4182333),(552523,4182261)
(552633,4182700),(552594,4182694),(552583,4182764),(552621,4182770),(552633,4182700)
(552762,4182278),(552704,4182219),(552654,4182268),(552713,4182327),(552762,4182278)
(552697,4182594),(552651,4182586),(552642,4182639),(552688,4182647),(552697,4182594)
(553092,4182609),(553045,4182562),(552996,4182611),(553043,4182658),(553092,4182609)
(552595,4182726),(552530,4182715),(552519,4182775),(552585,4182787),(552595,4182726)
(552803,4182602),(552759,4182556),(552714,4182600),(552758,4182646),(552803,4182602)
(552507,4182289),(552479,4182261),(552428,4182312),(552456,4182340),(552507,4182289)
(552526,4182144),(552458,4182076),(552336,4182197),(552404,4182265),(552526,4182144)
(552877,4182310),(552832,4182263),(552783,4182310),(552828,4182357),(552877,4182310)
(552924,4182545),(552885,4182506),(552832,4182560),(552870,4182598),(552924,4182545)
(552984,4182267),(552966,4182248),(552939,4182275),(552957,4182294),(552984,4182267)
(552615,4182301),(552560,4182245),(552504,4182300),(552559,4182356),(552615,4182301)
(553003,4182522),(552957,4182475),(552908,4182523),(552955,4182570),(553003,4182522)
(552714,4182334),(552652,4182272),(552603,4182321),(552664,4182383),(552714,4182334)
(552577,4182573),(552507,4182562),(552497,4182618),(552568,4182629),(552577,4182573)
(552617,4182794),(552542,4182781),(552524,4182883),(552599,4182895),(552617,4182794)
(553279,4182629),(552397,4182482),(552387,4182542),(553269,4182688),(553279,4182629)
(553241,4182766),(553209,4182733),(553162,4182778),(553194,4182811),(553241,4182766)
(552872,4182770),(552792,4182756),(552783,4182813),(552863,4182826),(552872,4182770)
(552560,4182500),(552516,4182493),(552511,4182524),(552556,4182531),(552560,4182500)
(552827,4182870),(552785,4182863),(552775,4182924),(552817,4182931),(552827,4182870)
(552743,4182531),(552700,4182489),(552651,4182538),(552693,4182580),(552743,4182531)
(552705,4182656),(552680,4182652),(552677,4182674),(552702,4182678),(552705,4182656)
(552705,4182701),(552633,4182689),(552623,4182747),(552695,4182759),(552705,4182701)
(552803,4182878),(552752,4182870),(552745,4182919),(552795,4182927),(552803,4182878)
(552624,4182751),(552586,4182745),(552579,4182785),(552617,4182792),(552624,4182751)
(553060,4182579),(553023,4182541),(552974,4182588),(553011,4182627),(553060,4182579)
(552545,4182371),(552515,4182340),(552485,4182369),(552516,4182400),(552545,4182371)
(552961,4182455),(552872,4182418),(552632,4182992),(552720,4183029),(552961,4182455)
(552817,4182608),(552792,4182584),(552745,4182631),(552770,4182656),(552817,4182608)
(552603,4182579),(552574,4182574),(552558,4182674),(552586,4182679),(552603,4182579)
(552845,4182277),(552806,4182238),(552757,4182286),(552796,4182325),(552845,4182277)
(552891,4182684),(552838,4182630),(552793,4182674),(552846,4182728),(552891,4182684)
(552643,4182638),(552575,4182626),(552566,4182677),(552634,4182689),(552643,4182638)
(552679,4182746),(552625,4182737),(552616,4182792),(552670,4182801),(552679,4182746)
(552712,4182532),(552685,4182504),(552651,4182537),(552678,4182565),(552712,4182532)
(552636,4182688),(552596,4182681),(552590,4182714),(552631,4182720),(552636,4182688)
(552588,4182522),(552545,4182515),(552537,4182566),(552580,4182573),(552588,4182522)
(552583,4182466),(552523,4182457),(552514,4182513),(552574,4182523),(552583,4182466)
(552981,4182651),(552946,4182617),(552916,4182647),(552950,4182681),(552981,4182651)
(552608,4182515),(552568,4182475),(552526,4182517),(552566,4182556),(552608,4182515)
(552838,4182184),(552789,4182135),(552747,4182176),(552796,4182226),(552838,4182184)
(552908,4182622),(552851,4182566),(552807,4182611),(552864,4182667),(552908,4182622)
(553036,4182555),(553000,4182519),(552951,4182567),(552987,4182603),(553036,4182555)
(553022,4182766),(552982,4182725),(552940,4182766),(552980,4182808),(553022,4182766)
(553156,4182665),(553099,4182607),(553044,4182661),(553101,4182719),(553156,4182665)
(552712,4182597),(552669,4182590),(552658,4182654),(552702,4182661),(552712,4182597)
(552718,4182809),(552678,4182802),(552668,4182864),(552708,4182870),(552718,4182809)
(552549,4182531),(552524,4182527),(552521,4182550),(552545,4182554),(552549,4182531)
(552601,4182895),(552537,4182885),(552527,4182944),(552592,4182954),(552601,4182895)
(552735,4182812),(552699,4182805),(552687,4182867),(552723,4182874),(552735,4182812)
(552544,4182737),(552506,4182731),(552500,4182771),(552538,4182777),(552544,4182737)
(552851,4182552),(552806,4182507),(552755,4182559),(552800,4182603),(552851,4182552)
(552566,4182512),(552513,4182504),(552504,4182563),(552557,4182571),(552566,4182512)
(552771,4182754),(552666,4182736),(552656,4182799),(552761,4182817),(552771,4182754)
(552987,4182785),(552954,4182752),(552911,4182795),(552944,4182828),(552987,4182785)
(552700,4183173),(552620,4183159),(552611,4183212),(552691,4183225),(552700,4183173)
(552761,4182816),(552719,4182809),(552709,4182871),(552751,4182878),(552761,4182816)
(552755,4183182),(552706,4183173),(552698,4183221),(552746,4183229),(552755,4183182)
(552557,4183153),(552497,4183142),(552488,4183194),(552548,4183204),(552557,4183153)
(553085,4183420),(552980,4183402),(552973,4183447),(553078,4183464),(553085,4183420)
(552507,4183191),(552471,4183185),(552462,4183238),(552498,4183244),(552507,4183191)
(552888,4183110),(552861,4183106),(552852,4183154),(552879,4183158),(552888,4183110)
(552649,4182848),(552608,4182841),(552598,4182895),(552640,4182902),(552649,4182848)
(552548,4183199),(552489,4183189),(552480,4183241),(552539,4183251),(552548,4183199)
(552726,4183026),(552678,4183019),(552668,4183078),(552716,4183086),(552726,4183026)
(552636,4183314),(552576,4183304),(552568,4183348),(552628,4183358),(552636,4183314)
(552582,4183003),(552520,4182993),(552510,4183055),(552572,4183065),(552582,4183003)
(552943,4182994),(552891,4182986),(552881,4183048),(552932,4183057),(552943,4182994)
(552894,4182993),(552840,4182984),(552831,4183039),(552885,4183048),(552894,4182993)
(552915,4182899),(552855,4182889),(552847,4182936),(552907,4182946),(552915,4182899)
(552670,4182945),(552613,4182936),(552602,4183002),(552659,4183011),(552670,4182945)
(552698,4182805),(552615,4182792),(552604,4182860),(552687,4182874),(552698,4182805)
(552804,4183188),(552735,4183177),(552726,4183228),(552795,4183240),(552804,4183188)
(552656,4182905),(552598,4182896),(552582,4182998),(552639,4183008),(552656,4182905)
(552627,4183010),(552579,4183002),(552570,4183057),(552618,4183065),(552627,4183010)
(552998,4183399),(552965,4183353),(552856,4183431),(552889,4183477),(552998,4183399)
(552753,4182858),(552686,4182847),(552681,4182879),(552748,4182890),(552753,4182858)
(552788,4182925),(552744,4182918),(552738,4182952),(552782,4182959),(552788,4182925)
(552822,4182826),(552760,4182816),(552750,4182878),(552812,4182888),(552822,4182826)
(552973,4183097),(552928,4183090),(552922,4183123),(552967,4183130),(552973,4183097)
(552692,4183222),(552646,4183215),(552637,4183272),(552683,4183279),(552692,4183222)
(552526,4183095),(552486,4183088),(552477,4183144),(552517,4183150),(552526,4183095)
(552445,4183285),(552385,4183274),(552377,4183322),(552437,4183332),(552445,4183285)
(552733,4183330),(552676,4183321),(552659,4183423),(552716,4183432),(552733,4183330)
(552837,4183346),(552793,4183339),(552775,4183444),(552819,4183451),(552837,4183346)
(552718,4183072),(552638,4183059),(552628,4183118),(552708,4183132),(552718,4183072)
(553031,4183086),(552987,4183079),(552972,4183168),(553016,4183175),(553031,4183086)
(552795,4182984),(552733,4182974),(552725,4183023),(552786,4183033),(552795,4182984)
(552803,4182865),(552754,4182858),(552749,4182890),(552798,4182897),(552803,4182865)
(553175,4182524),(553116,4182465),(553068,4182513),(553128,4182572),(553175,4182524)
(552962,4182229),(552936,4182204),(552900,4182240),(552925,4182266),(552962,4182229)
(552862,4182209),(552788,4182136),(552698,4182227),(552771,4182300),(552862,4182209)
(553252,4182603),(553179,4182529),(553129,4182578),(553202,4182652),(553252,4182603)
(552955,4182301),(552920,4182267),(552871,4182316),(552906,4182350),(552955,4182301)
(553013,4182100),(552946,4182032),(552905,4182073),(552972,4182141),(553013,4182100)
(552869,4182216),(552843,4182191),(552813,4182221),(552839,4182246),(552869,4182216)
(553329,4182526),(553256,4182452),(553182,4182526),(553255,4182600),(553329,4182526)
(552931,4182447),(552902,4182414),(552871,4182441),(552900,4182474),(552931,4182447)
(552969,4182213),(552935,4182178),(552886,4182227),(552920,4182261),(552969,4182213)
(552783,4182403),(552744,4182365),(552713,4182395),(552752,4182434),(552783,4182403)
(553098,4182214),(553065,4182181),(553025,4182220),(553059,4182253),(553098,4182214)
(552851,4182235),(552829,4182214),(552799,4182245),(552821,4182266),(552851,4182235)
(553167,4182247),(553119,4182200),(553074,4182245),(553121,4182293),(553167,4182247)
(553229,4182472),(553166,4182408),(553115,4182458),(553178,4182522),(553229,4182472)
(553051,4182187),(553000,4182136),(552957,4182179),(553008,4182230),(553051,4182187)
(552990,4182132),(552952,4182093),(552894,4182150),(552932,4182189),(552990,4182132)
(553349,4182963),(552486,4182382),(552449,4182436),(553312,4183018),(553349,4182963)
(553058,4182134),(553020,4182095),(552971,4182143),(553009,4182182),(553058,4182134)
(553015,4182216),(552957,4182158),(552922,4182193),(552980,4182251),(553015,4182216)
(553213,4182649),(553053,4182489),(553002,4182540),(553162,4182700),(553213,4182649)
(552963,4182311),(552933,4182281),(552884,4182330),(552914,4182360),(552963,4182311)
(552933,4182647),(552895,4182608),(552867,4182636),(552905,4182675),(552933,4182647)
(552837,4182351),(552799,4182312),(552748,4182362),(552786,4182401),(552837,4182351)
(552920,4182661),(552877,4182618),(552846,4182649),(552888,4182692),(552920,4182661)
(552895,4182144),(552839,4182087),(552793,4182132),(552849,4182189),(552895,4182144)
(552666,4182907),(552636,4182902),(552630,4182939),(552660,4182944),(552666,4182907)
(552742,4182919),(552696,4182912),(552690,4182952),(552736,4182959),(552742,4182919)
(552871,4183051),(552828,4183044),(552820,4183093),(552863,4183100),(552871,4183051)
(553001,4183280),(552907,4183264),(552892,4183357),(552986,4183373),(553001,4183280)
(553181,4182960),(553167,4182886),(552412,4183024),(552426,4183098),(553181,4182960)
(552540,4182996),(552483,4182987),(552470,4183058),(552528,4183068),(552540,4182996)
(552765,4183081),(552718,4183073),(552708,4183130),(552756,4183138),(552765,4183081)
(552515,4183143),(552485,4183138),(552479,4183174),(552509,4183179),(552515,4183143)
(552881,4183052),(552844,4183046),(552834,4183105),(552871,4183111),(552881,4183052)
(552914,4182844),(552821,4182814),(552702,4183179),(552794,4183209),(552914,4182844)
(552436,4183312),(552383,4183303),(552371,4183375),(552424,4183384),(552436,4183312)
(552838,4182993),(552786,4182984),(552779,4183031),(552830,4183039),(552838,4182993)
(552738,4182949),(552692,4182941),(552686,4182973),(552733,4182981),(552738,4182949)
(552747,4182870),(552688,4182859),(552680,4182904),(552740,4182914),(552747,4182870)
(552574,4183045),(552515,4183035),(552508,4183076),(552568,4183086),(552574,4183045)
(552820,4182839),(552781,4182833),(552774,4182881),(552813,4182887),(552820,4182839)
(552288,4182078),(553004,4183309)