44357,4138,40709,7033,43550,7386,46328,3901
43550,7386,43550,9811,44357,4138
40709,7033,44357,4138,40380,12841
47502,4974,46328,3901,47414,7361,48750,3892
46328,3901,44357,4138,47502,4974
47414,7361,47502,4974,47489,9836
43550,9811,43537,12778,43550,7386,47489,9836
47489,9836,47414,7361,47527,11705,43550,9811,59821,9839
47527,11705,47489,9836,48904,12854
47098,12778,48904,12854,46062,12866,46845,13889
48904,12854,47527,11705,47098,12778,47717,14760,51012,12854
46062,12866,47098,12778,45330,12778,46845,13889
45330,12778,46062,12866,43537,12778,46656,14710
46845,13889,46656,14710,47098,12778,46062,12866,47717,14760
46656,14710,45141,15846,45330,12778,46845,13889,46138,17122,47717,14760
47717,14760,46845,13889,48904,12854,46656,14710,49214,16303
45141,15846,43588,15821,46656,14710,46138,17122
43588,15821,43537,12778,45141,15846,40380,15808,43689,37577
43537,12778,40380,12841,43550,9811,45330,12778,43588,15821
40380,12841,40709,7033,43537,12778,40380,15808
40380,15808,40380,12841,43588,15821,40456,37501
46138,17122,45141,15846,46656,14710,46357,20535,48428,17767
51012,12854,48904,12854,50982,15750,52780,12892
48428,17767,46138,17122
49214,16303,47717,14760
50982,15750,51012,12854
46357,20535,48512,22463,48638,19559,46138,17122
48512,22463,50021,23808,49933,20701,46357,20535
50021,23808,51524,22040,48512,22463
51524,22040,50021,23808
49933,20701,48512,22463
48638,19559,46357,20535
52641,16200,54598,13876
54131,17658,56619,15417
52780,12892,51012,12854,54598,13876,57300,12854
54598,13876,52780,12892,56619,15417,52641,16200
56619,15417,54598,13876,57300,12854,54131,17658,56517,18750,58625,15732
57300,12854,56619,15417,52780,12892,59857,12732
56517,18750,56619,15417
58625,15732,60767,15714,56619,15417,58660,18607
58660,18607,58625,15732
60767,15714,62785,15750,58625,15732,60821,18678
60821,18678,60767,15714
62785,15750,63660,15446,60767,15714,63125,18910
63125,18910,62785,15750
63660,15446,64125,13678,62785,15750,65483,18889,64660,14642
64660,14642,65483,18889,63660,15446,66607,12732,68134,17968
64125,13678,62892,12767,63660,15446
62892,12767,59857,12732,64125,13678,66607,12732,61303,11250
59857,12732,57300,12854,62892,12767,61303,11250
61303,11250,59857,12732,62892,12767,62696,9785,59821,9839
62696,9785,61303,11250,59821,9839,68285,6428,68750,9714
59821,9839,61303,11250,62696,9785,47489,9836
68750,9714,67464,8375,62696,9785,73946,9767
67464,8375,68285,6428,68750,9714
68285,6428,62696,9785,67464,8375,75392,3857
75392,3857,68285,6428
73946,9767,68750,9714,75500,9714,75321,11214
75500,9714,73946,9767,76839,9732,79625,7904
76839,9732,75500,9714,75321,11214,83059,9722
75321,11214,76839,9732,73946,9767,73875,12767,75938,12727,76859,12677
73875,12767,72071,12732,75218,14344,75066,12727,75321,11214
72071,12732,68035,12732,71291,15619,73875,12767
68035,12732,66607,12732,69334,16187,72071,12732
66607,12732,62892,12767,64660,14642,68035,12732
75066,12727,76127,13435,73875,12767,75938,12727
75938,12727,75321,11214,75066,12727,76859,12677,76127,13435
76859,12677,75321,11214,75938,12727,76127,13435,77402,13384,78009,12727
76127,13435,75218,14344,75066,12727,75938,12727,76859,12677,76556,14104
76556,14104,77402,13384,76127,13435,76582,15644
77402,13384,76859,12677,76556,14104,78084,14028,78009,12727
78009,12727,77402,13384,76859,12677,79233,12753
79233,12753,78009,12727,78084,14028,81089,12750
78084,14028,76582,15644,77402,13384,79233,12753,79776,16017
76582,15644,76519,16819,75218,14344,76556,14104,78084,14028
75218,14344,73875,12767,73261,16023,76582,15644,76127,13435
73261,16023,75218,14344
73337,18094,76519,16819
76519,16819,73337,18094,79751,17993,76582,15644
79751,17993,76519,16819
71291,15619,72071,12732
69334,16187,68035,12732
68134,17968,64660,14642
65483,18889,63660,15446,64660,14642
79776,16017,78084,14028
81714,15633,81089,12750
81089,12750,79233,12753,81714,15633,85625,12732
83607,16107,85625,12732
85625,12732,81089,12750,83607,16107,88633,14294,89401,12705
85169,17669,88633,14294
88633,14294,85625,12732,85169,17669,89383,13794,88464,15375,90080,15428
88464,15375,88633,14294,90080,15428,87883,18812
87883,18812,88464,15375
90080,15428,88464,15375,88633,14294,89383,13794,89903,19003,92517,15707
89383,13794,89401,12705,90830,12758,88633,14294,90080,15428
89401,12705,85625,12732,89410,11187,90830,12758,89383,13794
90830,12758,89401,12705,89383,13794,100737,12652
89410,11187,90875,9750,87901,9732,89401,12705
87901,9732,83059,9722,90875,9750,89410,11187
90875,9750,87901,9732,89410,11187,99272,9646
83059,9722,81595,8409,76839,9732,87901,9732
81595,8409,82655,6237,83059,9722
82655,6237,79625,7904,89499,3838,81595,8409
79625,7904,75500,9714,82655,6237
89499,3838,82655,6237
101368,3788,108464,6410
99272,9646,90875,9750,100762,11237,102075,9697
102075,9697,99272,9646,100762,11237,107750,9625
100762,11237,99272,9646,100737,12652,102075,9697
100737,12652,100712,14167,100762,11237,90830,12758,105308,12677
100712,14167,99272,15644,102265,15657,100737,12652
99272,15644,96962,15619,99361,18435,100712,14167,102265,15657
102265,15657,100712,14167,99272,15644,101873,18725,104146,15632
104146,15632,102265,15657,104096,18725,106255,15190
106255,15190,104146,15632,106571,13864,106987,14887,106369,18687
106987,14887,106571,13864,106255,15190,108780,17993,109096,13674
106571,13864,106255,15190,106987,14887,105308,12677
105308,12677,111470,12639,100737,12652,106571,13864
96962,15619,94727,15770,99272,15644,97100,18801
94727,15770,92517,15707,96962,15619,94878,18801
92517,15707,90080,15428,94727,15770,92567,18713
89903,19003,90080,15428
92567,18713,92517,15707
94878,18801,94727,15770
97100,18801,96962,15619
99361,18435,99272,15644
101873,18725,102265,15657
104096,18725,104146,15632
106369,18687,106255,15190
108780,17993,106987,14887
110813,16629,109096,13674
109096,13674,106987,14887,110813,16629,111470,12639
111470,12639,112695,12639,109096,13674,105308,12677
112758,16023,112695,12639
112695,12639,112758,16023,111470,12639,115271,12614
115271,12614,112695,12639,115267,11160,121178,12660,115383,21116
115383,21116,116294,21919,115271,12614,115348,22178
115348,22178,115383,21116,116294,21919,115348,22883,113366,23267
116294,21919,121232,21910,115383,21116,115348,22178,115348,22883
115348,22883,116294,21919,115348,22178,115348,24366
115348,24366,114660,23321,115348,22883,115357,28767
113366,23267,115348,22178,114660,23321,112910,20232,112758,23705
112758,23705,113366,23267,111303,21089,111035,24714
114660,23321,113366,23267,115348,24366
112910,20232,113366,23267
111303,21089,112758,23705
109535,22232,111035,24714
111035,24714,112758,23705,109535,22232,109625,25482
109625,25482,111035,24714,108035,23178,108089,26696
108035,23178,109625,25482
108089,26696,109625,25482,106464,26696,109625,27821
109625,27821,108089,26696,108017,29821,111053,28696
111053,28696,109607,30946,109625,27821
112732,29607,111375,31946,113321,29946
113321,29946,112732,29607,115357,28767,112928,32589,115410,31321
115357,28767,113321,29946,115410,31321,115348,24366
112928,32589,113321,29946
115410,31321,115357,28767,121285,31303,113321,29946,115375,40517
111375,31946,112732,29607
109607,30946,111053,28696
108017,29821,109625,27821
106267,29678,106464,26696
104000,29696,104178,26696
104178,26696,106464,26696,102750,26678,104250,23285,104000,29696
106464,26696,108089,26696,104178,26696,106500,23267,106267,29678
101803,29714,102750,26678
102750,26678,104178,26696,101946,23321,101803,29714
101946,23321,102750,26678
104250,23285,104178,26696
106500,23267,106464,26696
121285,31303,121267,29071,115410,31321,124785,31303,121232,33160
121267,29071,121267,27321,121285,31303,117508,29026
121267,27321,121214,25767,121267,29071,117508,27276
121214,25767,121250,23946,121267,27321,117455,25723
121250,23946,121232,21910,121214,25767,117491,23901
117508,29026,121267,29071
117508,27276,121267,27321
117455,25723,121214,25767
117491,23901,121250,23946
121214,19571,121142,17392,121232,21910,117624,19589
121142,17392,121107,15392,121214,19571,117553,17410
121107,15392,121178,12660,117517,15410,121142,17392
117624,19589,121214,19571
117553,17410,121142,17392
117517,15410,121107,15392
121178,12660,121071,9589,124767,12625,115271,12614,121107,15392
124767,12625,121178,12660,124785,9625,124767,14732
124767,14732,124767,12625,129303,14535,124821,21910
121232,21910,121214,19571,116294,21919,121250,23946,124821,21910
124821,21910,124785,31303,121232,21910,124767,14732
124785,9625,124232,7303,121071,9589,124767,12625,128321,9678
121071,9589,116696,9589,122982,8535,124785,9625,121178,12660
122982,8535,121071,9589,122571,6375
122571,6375,122982,8535,115267,3767,124232,7303
124232,7303,122571,6375,124785,9625,128321,9678
116696,9589,112625,8714,115267,11160,114125,9660,121071,9589
115267,11160,116696,9589,114125,9660,115271,12614
114125,9660,112625,8714,107750,9625,115267,11160,116696,9589
112625,8714,108464,6410,114125,9660,116696,9589
107750,9625,102075,9697,109071,8357,114125,9660
109071,8357,107750,9625,108464,6410
108464,6410,109071,8357,101368,3788,112625,8714
115267,3767,122571,6375
128321,9678,124785,9625,130142,9642,129267,10875,124232,7303
130142,9642,128321,9678,129267,10875,135750,9464
129267,10875,130142,9642,128321,9678,129303,14535
129303,14535,124767,14732,129267,10875,133982,14607
135750,9464,137232,8196,130142,9642,142160,9571
137232,8196,136571,6303,135750,9464
136571,6303,129428,3607,137232,8196,141267,8946
129428,3607,136571,6303
141267,8946,142160,9571,136571,6303,143160,9482
142160,9571,135750,9464,141267,8946,143160,9482,143464,11035
143160,9482,141267,8946,142160,9571,144857,9571
144857,9571,143464,11035,143160,9482,155767,9553
143464,11035,142160,9571,144857,9571,143571,12785
155767,9553,144857,9571,157303,8000
157303,8000,155767,9553,157285,5142,158607,9500
158607,9500,157303,8000,160178,9375
157285,5142,157303,8000,156446,3500
156446,3500,157285,5142
160321,3285,161142,4964
161142,4964,161232,8071,160321,3285
161232,8071,160178,9375,161142,4964
160178,9375,158607,9500,161232,8071
143571,12785,145160,13642,143464,11035,141196,14660
145160,13642,148142,13660,143571,12785,143642,14107,145750,17446
148142,13660,150803,13642,148053,17410,145160,13642
150803,13642,150785,17428,148142,13660
150785,17428,150803,13642
148053,17410,148142,13660
145750,17446,145160,13642
143464,18089,143642,14107
143642,14107,145160,13642,141196,14660,143464,18089
141196,14660,143642,14107,143571,12785,138892,14589,141250,18017
141250,18017,141196,14660
138946,17857,138892,14589
138892,14589,141196,14660,136767,14625,138946,17857
136767,14625,138892,14589,133982,14607,136785,18000
136785,18000,136767,14625
134017,17517,133982,14607
133982,14607,136767,14625,129303,14535,134017,17517
147078,42880,146143,40582
146143,40582,145184,40759,147078,42880
145184,40759,143618,37400,146143,40582,144047,41365
144047,41365,145184,40759,145083,43790
145083,43790,144047,41365
143618,37400,142368,37299,145184,40759
142368,37299,140146,37186,143618,37400,142381,34092
142381,34092,142368,37299
139969,34105,140146,37186
137835,34269,137898,37224
135524,34244,135537,37287
135537,37287,134160,37261,137898,37224,135524,34244
137898,37224,135537,37287,140146,37186,137835,34269
140146,37186,137898,37224,142368,37299,139969,34105
134160,37261,130663,37325,132405,39055,135537,37287
130663,37325,124821,37339,134160,37261,132405,39055
132405,39055,134160,37261,130663,37325,132380,40456
132380,40456,130840,40443,132405,39055,133908,40481,132443,42754
130840,40443,132380,40456
130802,42742,132443,42754
132443,42754,132380,40456,130802,42742
133908,40481,132380,40456
124821,37339,121232,37285,124785,31303,130663,37325,124446,43017
124785,31303,121285,31303,124821,21910,124821,37339
117803,33089,121232,33160
117821,34178,121232,34303
117803,35732,121232,35785
117446,37732,121267,37750
121267,37750,117446,37732,121232,37285,121303,40482
121232,37285,121232,35785,124821,37339,121267,37750
121232,35785,121232,34303,121232,37285,117803,35732
121232,34303,121232,33160,121232,35785,117821,34178
121232,33160,121285,31303,121232,34303,117803,33089
124446,43017,124821,37339,121303,43464
121303,43464,124446,43017,121303,40482,115375,43500,121232,45071
121303,40482,121303,43464,121267,37750,115375,40517
115375,40517,115410,31321,121303,40482,115375,43500,112607,40553
115375,43500,121303,43464,115375,40517,115410,46589,109946,43571
109946,40553,109160,38946,112607,40553,109946,43571
109946,43571,115375,43500,109928,46553,109946,40553,107250,43625
115410,46589,119892,46553,115375,43500,109928,46553,115214,49178
119892,46553,121232,45071,115410,46589
121232,45071,121303,43464,119892,46553
109928,46553,109946,43571,115410,46589,109910,50982,105982,46571
112607,40553,115375,40517,109160,38946,109946,40553
112678,37267
109160,38946,112607,40553,109946,40553,107517,38125,110857,36375
110857,36375,109160,38946
107517,38125,106250,37464,109160,38946,109017,35339,107446,40571
107446,40571,107517,38125
109017,35339,107517,38125
106357,33839,106250,37464
106250,37464,104660,37428,107517,38125,106357,33839,106214,40089
106214,40089,106250,37464
104625,40107,104660,37428
104660,37428,104089,37357,106250,37464,104625,40107
104089,37357,102803,37357,104660,37428,104000,33946
104000,33946,104089,37357
101785,33928,101892,37303
101892,37303,100571,37375,102803,37357,101785,33928
102803,37357,101892,37303,104089,37357,102785,40107
102785,40107,102803,37357
100517,40071,100571,37375
100571,37375,99642,37375,101892,37303,100517,40071
99642,37375,98946,37375,100571,37375,99535,34285
99535,34285,99642,37375
97303,34267,97357,37392
97357,37392,98946,37375,97535,38821,96250,37375,97303,34267
98946,37375,97535,38821,99642,37375,97357,37392
97535,38821,97589,43517,98946,37375,97357,37392,96250,37375
96250,37375,97535,38821,97357,37392,95107,37375,94607,38589
95107,37375,95107,34303,96250,37375,94607,38589,92892,37357
95107,34303,95107,37375
94607,38589,96250,37375,95107,37375,92892,37357,93767,39660,94571,41214
93767,39660,94607,38589,92803,39892
92803,39892,93767,39660,91946,38517,90910,38821,94232,41571
91946,38517,92803,39892,92892,37357
92892,37357,95107,37375,92785,34232,94607,38589,91946,38517,90607,37321
92785,34232,92892,37357
90607,37321,92892,37357,90610,34294,88964,37392
88964,37392,90607,37321,88943,34244,88375,37357,87378,40052,90910,38821
88375,37357,88964,37392,88438,34395,87696,37285,85559,39067
87696,37285,88375,37357,87681,34521,85964,37285
85964,37285,87696,37285,86039,34218,83766,37400,85559,39067
90910,38821,88964,37392,92803,39892,89373,41037
94232,41571,92803,39892,94571,41214,94607,42446,93500,42321
94571,41214,94232,41571,94607,38589,94607,42446
94607,42446,94571,41214,94232,41571,93500,42321,94571,42964
93500,42321,94232,41571,90812,42552,94607,42446,94571,42964
94571,42964,94607,42446,93500,42321,94571,43696
94571,43696,97589,43517,94589,46571,94571,42964
97589,43517,104785,43589,97535,38821,94571,43696,97625,46571
94589,46571,94571,43696,96107,46607,85989,46517
97625,46571,96107,46607,97625,48071,103482,46517,97589,43517
96107,46607,94589,46571,97625,46571,97625,48071
97625,48071,97625,46571,96107,46607,96982,49785
96982,49785,103482,46517,97625,48071,89714,52303
103482,46517,105982,46571,97625,46571,96982,49785
104785,43589,107250,43625,105910,44875,97589,43517
105910,44875,104785,43589,107250,43625,105982,46571
107250,43625,109946,43571,104785,43589,105910,44875
105982,46571,109928,46553,105910,50000,105910,44875,103482,46517
105910,50000,105982,46571,106410,51839,103589,52160
106410,51839,105910,50000
103589,52160,105910,50000
109910,50982,108660,52392,109928,46553
108660,52392,110000,52303,109910,50982
110000,52303,115214,49178,108660,52392
115214,49178,115410,46589,110000,52303
89714,52303,96982,49785
90812,42552,93500,42321
89373,41037,90910,38821
87378,40052,88964,37392
85559,39067,85964,37285,88375,37357
83766,34345,83766,37400
83766,37400,85964,37285,83766,34345
86039,34218,85964,37285
87681,34521,87696,37285
88438,34395,88375,37357
88943,34244,88964,37392
90610,34294,90607,37321
79675,34521,78968,34648
79549,36365,77226,36542
79574,38310,77175,38549
80256,40431,77946,40946
82074,41593,78918,43386
84221,42754,82453,44118
85938,43764,83867,46088
83867,46088,85989,46517,83236,45759,85938,43764
85989,46517,83867,46088,83299,46694,94589,46571
82453,44118,83236,45759,84221,42754,80534,44219
83236,45759,83867,46088,82453,44118,80534,44219
80534,44219,80976,45734,82453,44118,83236,45759,78918,43386
78918,43386,80534,44219,77258,44142,77187,42410,82074,41593
77187,42410,77258,44142,76767,42089,76178,42642,77205,41000,77946,40946,78918,43386
77946,40946,77205,41000,80256,40431,77187,42410
77205,41000,77187,42410,77946,40946,75321,40875,77175,38549
75321,40875,76767,42089,77205,41000,73321,40321
76767,42089,77187,42410,76178,42642,75321,40875
76178,42642,76767,42089,77187,42410,75375,43142
75375,43142,77258,44142,73526,44118,76178,42642,74448,43625
77258,44142,78918,43386,77187,42410,77150,46631,75375,43142
77150,46631,76960,48108,79751,46643,77258,44142,75950,46681
75950,46681,74094,46618,77150,46631,76960,48108
74094,46618,73021,45507,75950,46681,67958,46669
73526,44118,75375,43142,73021,45507,74448,43625,70306,43663,71796,45305
73021,45507,73526,44118,74094,46618
79751,46643,80976,45734,80900,46643,77150,46631
80976,45734,80900,46643,80534,44219,79751,46643
80900,46643,83299,46694,80976,45734,79751,46643,80332,47527
80332,47527,80900,46643,83299,46694,76216,49876
83299,46694,85989,46517,80900,46643,80332,47527
76960,48108,76216,49876,77150,46631,75950,46681
76216,49876,80332,47527,68791,52351,76960,48108
68791,52351,76216,49876
70306,43663,73526,44118,69232,42607,71796,45305
71796,45305,70306,43663,73526,44118,70155,46062
70155,46062,71796,45305,67831,43663,67958,46669
67958,46669,70155,46062,74094,46618,60634,46744,61265,49952
67831,43663,70155,46062
60634,46744,67958,46669,61897,47906,58964,46660
61265,49952,61897,47906,54071,52375,67958,46669
61897,47906,60634,46744,61265,49952
54071,52375,61265,49952
51321,52446,44321,49901
57214,46696,55928,45410,54535,46660,58964,46660
55928,45410,54535,46660,57214,46696,55803,43642
54535,46660,45160,46696,55928,45410,57214,46696
58964,46660,60634,46744,57214,46696,58928,44946
58928,44946,57535,43625,58964,46660,58875,43607
57535,43625,55803,43642,58928,44946,58883,42785
58875,43607,58928,44946,58883,42785,60294,42526
58883,42785,58875,43607,57535,43625,59357,41830,60294,42526,58821,41330
60294,42526,58875,43607,59357,41830,58883,42785,63258,43883
63258,43883,60294,42526,60642,41544
60642,41544,63258,43883,60750,40285
59357,41830,60294,42526,58883,42785,58821,41330,60750,40285
58821,41330,58830,39482,58883,42785,59357,41830
60750,40285,60642,41544,59562,40366,59357,41830,62410,39446
59562,40366,60750,40285,58830,39482
58830,39482,59562,40366,58821,41330,59056,37464
62410,39446,61240,37489,60750,40285,63526,41732,64068,38411
63526,41732,62410,39446
65508,40608,64068,38411
64068,38411,62410,39446,65811,37274,65508,40608,63589,37501
65811,37274,67427,37198,64094,37350,64068,38411,67452,39496,65710,34370
67452,39496,65811,37274,67427,37198
67427,37198,68134,37173,65811,37274,67452,39496,67402,34597
68134,37173,68639,37249,67427,37198,68033,34420
68639,37249,70306,37224,68134,37173,68589,34143
70306,37224,68639,37249,70281,34420
70281,34420,70306,37224
68589,34143,68639,37249
68033,34420,68134,37173
67402,34597,67427,37198
65710,34370,65811,37274
64094,37350,65811,37274,63589,37501,64094,34206
63589,37501,64094,37350,62894,37413,64068,38411,63488,34420
63488,34420,63589,37501
64094,34206,64094,37350
62844,34585,62894,37413
62894,37413,63589,37501,61240,37489,62844,34585
61240,37489,62894,37413,59624,37438,62410,39446,61164,34408
61164,34408,61240,37489
59624,37438,61240,37489,59056,37464,59636,34181
59056,37464,59624,37438,58348,37476,58830,39482,59018,34458
58348,37476,59056,37464,56745,37476,58336,34534
58336,34534,58348,37476
59018,34458,59056,37464
59636,34181,59624,37438
56745,37476,58348,37476,55154,37539,56682,34395,55861,38764
55861,38764,55154,37539,56745,37476,55803,43642
55154,37539,56745,37476,54535,37446,55861,38764
56682,34395,56745,37476
74285,34517,75546,34585
74321,36571,77226,36542
74410,38464,77175,38549
73321,40321,75321,40875
71456,41453,74448,43625
69232,42607,70306,43663
55803,43642,55928,45410,53373,43625,57535,43625,55861,38764
53373,43625,55803,43642,51808,43600,53310,40456
51808,43600,53373,43625,50191,43600,51820,40443
50191,43600,51808,43600,48449,43651,50242,40443
48449,43651,50191,43600,46151,43600,48411,40330
46151,43600,48449,43651,43663,43689,46214,40330
46214,40330,46151,43600
48411,40330,48449,43651
50242,40443,50191,43600
51820,40443,51808,43600
53310,40456,53373,43625
43633,48044,43651,46678,44321,49901,45160,46696
45160,46696,43633,48044,43651,46678,54535,46660
43651,46678,40519,46580,43633,48044,45160,46696,43663,43689
44321,49901,43633,48044,40911,47906,51321,52446
40911,47906,38246,46807,40519,46580,44321,49901
40519,46580,40456,43739,38246,46807,40911,47906,43651,46678
38246,46807,40519,46580,40911,47906,31693,46820
31693,46820,30178,46795,30279,48436,38246,46807
30178,46795,30254,43840,24420,46795,31693,46820,30279,48436
30279,48436,31693,46820,30178,46795,31036,49901
31036,49901,30279,48436,37830,52351,24420,46795
37830,52351,31036,49901
24420,46795,30178,46795,19357,46696,31036,49901
30254,43840,40456,43739,30203,42628,18303,43750,30178,46795
30203,42628,30254,43840,30961,41795
30961,41795,30203,42628,30964,39892,29723,41795
29723,41795,30961,41795,28357,41767,29660,39892
40456,43739,40456,37501,40519,46580,43663,43689,30254,43840
43663,43689,43651,46678,40456,43739,46151,43600,43689,37577
43689,37577,47642,37535,40456,37501,43663,43689,43588,15821
40456,37501,43689,37577,38322,37577,40380,15808,40456,43739
37388,38524,37274,37868,37375,40418,38322,37577
37274,37868,37236,36327,37388,38524,33309,37905
38322,37577,40456,37501,37236,36327,37388,38524
37236,36327,38322,37577,37274,37868,37375,40418,37276,33598
33309,37905,37274,37868
33297,40456,37375,40418
37375,40418,37388,38524,37236,36327,33297,40456
37276,33598,37236,36327
30964,39892,30961,41795
29660,39892,29723,41795
28375,39982,28357,41767
28357,41767,29723,41795,27160,41803,28375,39982
27160,41803,28357,41767,25857,41714,27071,39928
27071,39928,27160,41803
25750,39910,25857,41714
25857,41714,27160,41803,24517,41785,25750,39910
24517,41785,25857,41714,23214,41803,24553,39910
24553,39910,24517,41785
23196,39964,23214,41803
23214,41803,24517,41785,21910,41803,23196,39964
21910,39946,21910,41803
20625,39964,20696,41714
19321,39946,19375,41803
18071,39928,18053,41767
16839,39928,16785,41750
15107,39857,15125,41785
15125,41785,16785,41750,14553,41767,15107,39857
16785,41750,17428,41785,15125,41785,15357,42714,16839,39928
18053,41767,19375,41803,17428,41785,18071,39928
19375,41803,20696,41714,18053,41767,18303,42750,19321,39946
17428,41785,18053,41767,16785,41750,18303,42750
15357,42714,14553,41767,16785,41750,15321,43696
14553,41767,15125,41785,13839,41750,15357,42714
20696,41714,21910,41803,19375,41803,20625,39964
21910,41803,23214,41803,20696,41714,21910,39946
18303,42750,17428,41785,19375,41803,18303,43750
18303,43750,15321,43696,18303,42750,18392,45732,30254,43840
18392,45732,18303,43750,19357,46696,17410,46714
17410,46714,19357,46696,18392,45732,15321,46750
19357,46696,18392,45732,17410,46714,24420,46795
15321,43696,15357,42714,18303,43750,15321,46750
15321,46750,17410,46714,15321,43696,15321,48071,13892,46732
13839,41750,14553,41767,13767,39910
13767,39910,13839,41750
13892,46732,15321,46750,12982,46785,15321,48071
15321,48071,15321,46750,15339,51142,13892,46732
15339,51142,15321,48071,16142,52428
16142,52428,15339,51142
11428,51232,11392,48339,12160,52535
12160,52535,11428,51232
11392,48339,9875,46767,12982,46785,11428,51232
12982,46785,13892,46732,9875,46767,11392,48339
9875,46767,12982,46785,11392,48339
54535,37446,55154,37539,52232,37446,54392,34446
52232,37446,54535,37446,49910,37410,52196,34392
49910,37410,52232,37446,47642,37535,49928,34357
47642,37535,49910,37410,43689,37577,47678,34357
47678,34357,47642,37535
49928,34357,49910,37410
52196,34392,52232,37446
54392,34446,54535,37446
48750,3892,47502,4974
77175,38549,79574,38310,77205,41000,74410,38464,77226,36542
77226,36542,77213,35569,79549,36365,77175,38549,74321,36571
77213,35569,75546,34585,77251,34622,78968,34648,77226,36542
77251,34622,78968,34648,75546,34585,77213,35569
75546,34585,77251,34622,74285,34517,77213,35569
78968,34648,79675,34521,77251,34622,77213,35569
74448,43625,71456,41453,75375,43142,73526,44118