(551911,4181438),(553685,4181438),(553685,4184219),(551911,4184219)
(552900,4183364),(552897,4183386),(552878,4183382),(552882,4183360),(552900,4183364)
(552936,4183370),(552932,4183392),(552914,4183389),(552918,4183367),(552936,4183370)
(553450,4182578),(553462,4182590),(553451,4182601),(553439,4182588),(553450,4182578)
(552491,4182872),(552495,4182845),(552517,4182848),(552513,4182876),(552491,4182872)
(553012,4183508),(552994,4183505),(552997,4183483),(553016,4183486),(553012,4183508)
(552403,4183527),(552399,4183551),(552383,4183548),(552387,4183525),(552403,4183527)
(553141,4183444),(553143,4183430),(553155,4183432),(553152,4183446),(553141,4183444)
(552791,4183201),(552777,4183199),(552780,4183182),(552793,4183184),(552791,4183201)
(553462,4183096),(553410,4183148),(553373,4183111),(553426,4183059),(553462,4183096)
(552957,4183571),(552973,4183478),(553005,4183484),(552990,4183577),(552957,4183571)
(553209,4182738),(553177,4182769),(553163,4182755),(553195,4182723),(553209,4182738)
(553043,4183066),(553052,4183014),(553103,4183023),(553095,4183075),(553043,4183066)
(552847,4182902),(552808,4182896),(552812,4182873),(552851,4182879),(552847,4182902)
(552263,4182675),(552254,4182726),(552204,4182717),(552213,4182666),(552263,4182675)
(552555,4183340),(552561,4183306),(552583,4183310),(552578,4183344),(552555,4183340)
(552941,4182382),(552964,4182405),(552950,4182419),(552927,4182396),(552941,4182382)
(552832,4182594),(552815,4182577),(552836,4182556),(552853,4182573),(552832,4182594)
(552838,4182277),(552796,4182318),(552764,4182286),(552806,4182245),(552838,4182277)
(552277,4182456),(552246,4182451),(552249,4182435),(552280,4182440),(552277,4182456)
(552473,4183354),(552517,4183362),(552511,4183393),(552468,4183386),(552473,4183354)
(552438,4183350),(552433,4183380),(552416,4183377),(552421,4183347),(552438,4183350)
(552269,4182517),(552237,4182511),(552240,4182493),(552272,4182498),(552269,4182517)
(553032,4182367),(553057,4182342),(553069,4182354),(553045,4182379),(553032,4182367)
(552623,4183446),(552628,4183418),(552644,4183421),(552639,4183449),(552623,4183446)
(552735,4182530),(552693,4182573),(552658,4182539),(552700,4182496),(552735,4182530)
(552695,4182917),(552687,4182968),(552659,4182964),(552668,4182912),(552695,4182917)
(553067,4183494),(553058,4183552),(553025,4183546),(553035,4183488),(553067,4183494)
(553125,4182373),(553082,4182417),(553069,4182404),(553111,4182360),(553125,4182373)
(553276,4182726),(553241,4182690),(553286,4182644),(553322,4182680),(553276,4182726)
(552565,4183402),(552571,4183365),(552596,4183370),(552589,4183407),(552565,4183402)
(553191,4183311),(553113,4183298),(553123,4183240),(553201,4183253),(553191,4183311)
(552504,4183437),(552461,4183430),(552468,4183391),(552511,4183398),(552504,4183437)
(553298,4182636),(553332,4182600),(553367,4182634),(553333,4182670),(553298,4182636)
(552578,4182470),(552570,4182517),(552520,4182509),(552527,4182462),(552578,4182470)
(553103,4183146),(553065,4183140),(553074,4183090),(553112,4183097),(553103,4183146)
(553004,4183449),(553021,4183452),(553017,4183474),(553000,4183470),(553004,4183449)
(552821,4182874),(552813,4182925),(552781,4182920),(552789,4182869),(552821,4182874)
(552522,4182311),(552477,4182356),(552448,4182327),(552493,4182282),(552522,4182311)
(552447,4183183),(552416,4183178),(552424,4183130),(552454,4183136),(552447,4183183)
(552561,4183407),(552557,4183435),(552539,4183432),(552544,4183404),(552561,4183407)
(552943,4182286),(552987,4182242),(553022,4182278),(552978,4182321),(552943,4182286)
(552740,4182537),(552699,4182496),(552741,4182455),(552782,4182496),(552740,4182537)
(552807,4182494),(552795,4182506),(552773,4182484),(552785,4182472),(552807,4182494)
(552990,4183449),(553007,4183452),(553003,4183474),(552986,4183471),(552990,4183449)
(552579,4182632),(552637,4182642),(552630,4182683),(552572,4182673),(552579,4182632)
(552878,4182441),(552901,4182421),(552923,4182446),(552900,4182467),(552878,4182441)
(552843,4183447),(552847,4183425),(552864,4183428),(552860,4183450),(552843,4183447)
(552535,4183550),(552562,4183555),(552558,4183577),(552531,4183573),(552535,4183550)
(552321,4182665),(552325,4182642),(552345,4182645),(552341,4182668),(552321,4182665)
(553054,4183590),(553033,4183679),(553009,4183673),(553030,4183585),(553054,4183590)
(552735,4182991),(552744,4182937),(552838,4182953),(552829,4183007),(552735,4182991)
(553350,4182889),(553314,4182925),(553283,4182893),(553320,4182858),(553350,4182889)
(552756,4182502),(552732,4182527),(552706,4182502),(552730,4182477),(552756,4182502)
(552545,4183499),(552553,4183448),(552575,4183452),(552566,4183503),(552545,4183499)
(552672,4183315),(552636,4183309),(552643,4183268),(552678,4183273),(552672,4183315)
(552934,4182371),(552916,4182390),(552885,4182360),(552903,4182341),(552934,4182371)
(552909,4182912),(552857,4182904),(552863,4182867),(552915,4182875),(552909,4182912)
(552739,4183182),(552798,4183192),(552791,4183234),(552732,4183224),(552739,4183182)
(552587,4182949),(552533,4182940),(552541,4182891),(552595,4182900),(552587,4182949)
(553188,4182270),(553172,4182285),(553159,4182273),(553175,4182257),(553188,4182270)
(552627,4182704),(552617,4182765),(552588,4182760),(552598,4182699),(552627,4182704)
(552623,4183342),(552619,4183369),(552571,4183361),(552576,4183334),(552623,4183342)
(553175,4183585),(553132,4183649),(553111,4183635),(553154,4183570),(553175,4183585)
(552493,4182597),(552451,4182590),(552456,4182558),(552499,4182565),(552493,4182597)
(553001,4182248),(553037,4182213),(553063,4182240),(553027,4182275),(553001,4182248)
(552396,4182184),(552415,4182203),(552370,4182248),(552351,4182228),(552396,4182184)
(552509,4182719),(552505,4182740),(552482,4182736),(552486,4182715),(552509,4182719)
(552888,4183374),(552905,4183377),(552902,4183395),(552885,4183392),(552888,4183374)
(552897,4183221),(552811,4183206),(552820,4183154),(552906,4183169),(552897,4183221)
(552720,4182395),(552744,4182372),(552776,4182403),(552752,4182427),(552720,4182395)
(553024,4183453),(553040,4183455),(553036,4183479),(553020,4183476),(553024,4183453)
(552835,4182358),(552878,4182315),(552902,4182339),(552860,4182382),(552835,4182358)
(552436,4183156),(552432,4183179),(552409,4183176),(552413,4183153),(552436,4183156)
(552555,4183182),(552559,4183153),(552601,4183160),(552596,4183189),(552555,4183182)
(552758,4182638),(552721,4182600),(552759,4182563),(552796,4182601),(552758,4182638)
(552890,4182412),(552869,4182433),(552845,4182409),(552865,4182388),(552890,4182412)
(553359,4182876),(553396,4182913),(553379,4182931),(553341,4182894),(553359,4182876)
(553043,4182378),(553068,4182352),(553081,4182365),(553056,4182390),(553043,4182378)
(552764,4182536),(552739,4182510),(552752,4182498),(552777,4182524),(552764,4182536)
(553005,4182360),(553027,4182383),(553002,4182408),(552980,4182386),(553005,4182360)
(552713,4183181),(552721,4183133),(552803,4183147),(552795,4183195),(552713,4183181)
(552519,4183400),(552547,4183404),(552542,4183432),(552515,4183428),(552519,4183400)
(553039,4182187),(553073,4182154),(553091,4182172),(553057,4182205),(553039,4182187)
(552335,4182643),(552330,4182677),(552312,4182674),(552317,4182641),(552335,4182643)
(552306,4182425),(552298,4182473),(552272,4182468),(552280,4182421),(552306,4182425)
(553052,4183388),(553047,4183419),(553018,4183415),(553022,4183383),(553052,4183388)
(552884,4183109),(552892,4183060),(552913,4183063),(552905,4183112),(552884,4183109)
(553265,4183043),(553199,4182977),(553224,4182952),(553290,4183019),(553265,4183043)
(553397,4182690),(553408,4182672),(553422,4182680),(553411,4182699),(553397,4182690)
(553189,4182526),(553256,4182459),(553322,4182526),(553255,4182593),(553189,4182526)
(552884,4182361),(552913,4182390),(552889,4182414),(552860,4182384),(552884,4182361)
(552858,4183150),(552865,4183111),(552882,4183115),(552875,4183153),(552858,4183150)
(552694,4183175),(552659,4183169),(552664,4183143),(552699,4183149),(552694,4183175)
(552637,4183580),(552733,4183597),(552727,4183629),(552632,4183612),(552637,4183580)
(553538,4183286),(553591,4183316),(553562,4183366),(553509,4183336),(553538,4183286)
(553468,4182726),(553512,4182681),(553570,4182740),(553526,4182784),(553468,4182726)
(552379,4182699),(552371,4182746),(552340,4182741),(552348,4182694),(552379,4182699)
(552281,4182446),(552277,4182470),(552245,4182465),(552249,4182440),(552281,4182446)
(552737,4182563),(552710,4182590),(552694,4182573),(552720,4182547),(552737,4182563)
(552439,4183524),(552420,4183520),(552426,4183484),(552445,4183488),(552439,4183524)
(552355,4182583),(552352,4182601),(552317,4182595),(552320,4182578),(552355,4182583)
(552777,4183543),(552772,4183569),(552755,4183566),(552760,4183540),(552777,4183543)
(552902,4183563),(552947,4183569),(552942,4183606),(552897,4183600),(552902,4183563)
(552849,4182892),(552845,4182916),(552806,4182909),(552810,4182886),(552849,4182892)
(553001,4182691),(552971,4182660),(552984,4182648),(553014,4182679),(553001,4182691)
(552704,4183430),(552757,4183439),(552752,4183470),(552699,4183461),(552704,4183430)
(552859,4182894),(552909,4182903),(552903,4182940),(552852,4182932),(552859,4182894)
(552377,4183550),(552381,4183524),(552397,4183526),(552393,4183553),(552377,4183550)
(552219,4182615),(552224,4182589),(552259,4182595),(552254,4182621),(552219,4182615)
(553371,4182733),(553338,4182766),(553310,4182739),(553343,4182705),(553371,4182733)
(553191,4182936),(553168,4182912),(553187,4182894),(553210,4182917),(553191,4182936)
(552876,4183103),(552869,4183151),(552818,4183143),(552825,4183095),(552876,4183103)
(552918,4183459),(552922,4183435),(552968,4183443),(552964,4183467),(552918,4183459)
(553077,4183119),(553129,4183128),(553122,4183166),(553070,4183157),(553077,4183119)
(553064,4182312),(553083,4182331),(553039,4182374),(553020,4182355),(553064,4182312)
(552630,4182896),(552638,4182851),(552672,4182857),(552665,4182901),(552630,4182896)
(552645,4182945),(552650,4182910),(552671,4182914),(552665,4182948),(552645,4182945)
(552900,4183562),(552888,4183636),(552842,4183628),(552855,4183554),(552900,4183562)
(552403,4182540),(552373,4182535),(552378,4182506),(552407,4182510),(552403,4182540)
(553053,4182579),(553011,4182620),(552981,4182588),(553023,4182548),(553053,4182579)
(553157,4183436),(553155,4183455),(553140,4183453),(553143,4183434),(553157,4183436)
(552559,4183574),(552554,4183600),(552534,4183597),(552539,4183570),(552559,4183574)
(552549,4183537),(552497,4183529),(552502,4183497),(552554,4183505),(552549,4183537)
(552824,4183098),(552827,4183079),(552861,4183084),(552857,4183103),(552824,4183098)
(552322,4182586),(552353,4182591),(552350,4182609),(552319,4182603),(552322,4182586)
(552809,4182608),(552770,4182649),(552752,4182631),(552792,4182591),(552809,4182608)
(552443,4183487),(552493,4183496),(552485,4183546),(552434,4183538),(552443,4183487)
(552534,4182517),(552568,4182482),(552601,4182515),(552566,4182549),(552534,4182517)
(552809,4181886),(552662,4182058),(552606,4182009),(552753,4181837),(552809,4181886)
(552471,4182731),(552443,4182726),(552446,4182705),(552474,4182710),(552471,4182731)
(552665,4183419),(552680,4183327),(552727,4183334),(552712,4183426),(552665,4183419)
(552528,4181963),(552751,4183657)