(552204,4181833),(553685,4181833),(553685,4183823),(552204,4183823)
(552900,4183364),(552897,4183386),(552878,4183382),(552882,4183360),(552900,4183364)
(553450,4182578),(553462,4182590),(553451,4182601),(553439,4182588),(553450,4182578)
(553012,4183508),(552994,4183505),(552997,4183483),(553016,4183486),(553012,4183508)
(553209,4182738),(553177,4182769),(553163,4182755),(553195,4182723),(553209,4182738)
(552847,4182902),(552808,4182896),(552812,4182873),(552851,4182879),(552847,4182902)
(552555,4183340),(552561,4183306),(552583,4183310),(552578,4183344),(552555,4183340)
(552473,4183354),(552517,4183362),(552511,4183393),(552468,4183386),(552473,4183354)
(552438,4183350),(552433,4183380),(552416,4183377),(552421,4183347),(552438,4183350)
(552695,4182917),(552687,4182968),(552659,4182964),(552668,4182912),(552695,4182917)
(553067,4183494),(553058,4183552),(553025,4183546),(553035,4183488),(553067,4183494)
(552565,4183402),(552571,4183365),(552596,4183370),(552589,4183407),(552565,4183402)
(552578,4182470),(552570,4182517),(552520,4182509),(552527,4182462),(552578,4182470)
(552821,4182874),(552813,4182925),(552781,4182920),(552789,4182869),(552821,4182874)
(552522,4182311),(552477,4182356),(552448,4182327),(552493,4182282),(552522,4182311)
(552561,4183407),(552557,4183435),(552539,4183432),(552544,4183404),(552561,4183407)
(552843,4183447),(552847,4183425),(552864,4183428),(552860,4183450),(552843,4183447)
(553054,4183590),(553033,4183679),(553009,4183673),(553030,4183585),(553054,4183590)
(552756,4182502),(552732,4182527),(552706,4182502),(552730,4182477),(552756,4182502)
(552545,4183499),(552553,4183448),(552575,4183452),(552566,4183503),(552545,4183499)
(552672,4183315),(552636,4183309),(552643,4183268),(552678,4183273),(552672,4183315)
(552934,4182371),(552916,4182390),(552885,4182360),(552903,4182341),(552934,4182371)
(552587,4182949),(552533,4182940),(552541,4182891),(552595,4182900),(552587,4182949)
(552396,4182184),(552415,4182203),(552370,4182248),(552351,4182228),(552396,4182184)
(552888,4183374),(552905,4183377),(552902,4183395),(552885,4183392),(552888,4183374)
(553024,4183453),(553040,4183455),(553036,4183479),(553020,4183476),(553024,4183453)
(552436,4183156),(552432,4183179),(552409,4183176),(552413,4183153),(552436,4183156)
(552555,4183182),(552559,4183153),(552601,4183160),(552596,4183189),(552555,4183182)
(552758,4182638),(552721,4182600),(552759,4182563),(552796,4182601),(552758,4182638)
(553043,4182378),(553068,4182352),(553081,4182365),(553056,4182390),(553043,4182378)
(552764,4182536),(552739,4182510),(552752,4182498),(552777,4182524),(552764,4182536)
(552306,4182425),(552298,4182473),(552272,4182468),(552280,4182421),(552306,4182425)
(552884,4183109),(552892,4183060),(552913,4183063),(552905,4183112),(552884,4183109)
(552858,4183150),(552865,4183111),(552882,4183115),(552875,4183153),(552858,4183150)
(552637,4183580),(552733,4183597),(552727,4183629),(552632,4183612),(552637,4183580)
(553468,4182726),(553512,4182681),(553570,4182740),(553526,4182784),(553468,4182726)
(552377,4183550),(552381,4183524),(552397,4183526),(552393,4183553),(552377,4183550)
(553371,4182733),(553338,4182766),(553310,4182739),(553343,4182705),(553371,4182733)
(552876,4183103),(552869,4183151),(552818,4183143),(552825,4183095),(552876,4183103)
(553064,4182312),(553083,4182331),(553039,4182374),(553020,4182355),(553064,4182312)
(552824,4183098),(552827,4183079),(552861,4183084),(552857,4183103),(552824,4183098)
(552809,4182608),(552770,4182649),(552752,4182631),(552792,4182591),(552809,4182608)
(552534,4182517),(552568,4182482),(552601,4182515),(552566,4182549),(552534,4182517)
(552471,4182731),(552443,4182726),(552446,4182705),(552474,4182710),(552471,4182731)
(552528,4181963),(552751,4183657)