(552058,4181636),(553832,4181636),(553832,4184021),(552058,4184021)
(552425,4183083),(552444,4183086),(552440,4183106),(552422,4183102),(552425,4183083)
(552900,4183364),(552897,4183386),(552878,4183382),(552882,4183360),(552900,4183364)
(553053,4182863),(553094,4182905),(553059,4182940),(553017,4182898),(553053,4182863)
(552350,4182611),(552347,4182628),(552329,4182625),(552332,4182608),(552350,4182611)
(553377,4182643),(553397,4182623),(553408,4182634),(553388,4182654),(553377,4182643)
(552968,4183617),(552970,4183602),(552985,4183605),(552983,4183620),(552968,4183617)
(552936,4183370),(552932,4183392),(552914,4183389),(552918,4183367),(552936,4183370)
(553349,4182960),(553324,4182934),(553359,4182899),(553385,4182925),(553349,4182960)
(553572,4182817),(553525,4182864),(553496,4182835),(553544,4182789),(553572,4182817)
(552923,4183422),(552896,4183417),(552901,4183393),(552927,4183397),(552923,4183422)
(553450,4182578),(553462,4182590),(553451,4182601),(553439,4182588),(553450,4182578)
(552575,4182523),(552621,4182530),(552614,4182573),(552568,4182566),(552575,4182523)
(552989,4183530),(553023,4183525),(553027,4183558),(552994,4183562),(552989,4183530)
(553393,4182697),(553377,4182682),(553387,4182671),(553404,4182686),(553393,4182697)
(552829,4183368),(552849,4183371),(552846,4183390),(552826,4183387),(552829,4183368)
(552970,4183645),(553030,4183655),(553026,4183679),(552966,4183669),(552970,4183645)
(552491,4182872),(552495,4182845),(552517,4182848),(552513,4182876),(552491,4182872)
(553122,4183514),(553117,4183546),(553099,4183543),(553104,4183511),(553122,4183514)
(553500,4182639),(553510,4182629),(553519,4182638),(553508,4182648),(553500,4182639)
(553031,4183561),(553027,4183583),(552987,4183576),(552991,4183554),(553031,4183561)
(552899,4183596),(552894,4183630),(552863,4183624),(552868,4183591),(552899,4183596)
(552762,4183571),(552765,4183556),(552777,4183558),(552774,4183573),(552762,4183571)
(552534,4183496),(552514,4183492),(552517,4183476),(552537,4183479),(552534,4183496)
(552367,4183548),(552347,4183545),(552350,4183528),(552370,4183531),(552367,4183548)
(552351,4183518),(552380,4183523),(552376,4183542),(552348,4183537),(552351,4183518)
(553066,4183484),(553050,4183481),(553054,4183458),(553070,4183460),(553066,4183484)
(552923,4183603),(552921,4183638),(552889,4183637),(552890,4183602),(552923,4183603)
(552397,4183399),(552393,4183426),(552367,4183421),(552372,4183395),(552397,4183399)
(552685,4181965),(552677,4181975),(552667,4181967),(552675,4181956),(552685,4181965)
(552939,4183387),(552936,4183405),(552916,4183402),(552919,4183384),(552939,4183387)
(552358,4183546),(552360,4183529),(552378,4183532),(552375,4183549),(552358,4183546)
(552686,4183226),(552679,4183274),(552643,4183268),(552650,4183221),(552686,4183226)
(552375,4183374),(552417,4183382),(552411,4183412),(552370,4183405),(552375,4183374)
(553012,4183508),(552994,4183505),(552997,4183483),(553016,4183486),(553012,4183508)
(553207,4182929),(553158,4182880),(553196,4182842),(553245,4182891),(553207,4182929)
(552678,4182654),(552692,4182657),(552690,4182669),(552676,4182666),(552678,4182654)
(553375,4182716),(553355,4182695),(553366,4182684),(553386,4182705),(553375,4182716)
(552857,4183409),(552860,4183390),(552873,4183392),(552870,4183411),(552857,4183409)
(552459,4183118),(552435,4183113),(552440,4183086),(552464,4183090),(552459,4183118)
(552403,4183527),(552399,4183551),(552383,4183548),(552387,4183525),(552403,4183527)
(552541,4182549),(552526,4182546),(552528,4182533),(552543,4182535),(552541,4182549)
(553391,4182684),(553379,4182675),(553394,4182657),(553405,4182667),(553391,4182684)
(553046,4183394),(553065,4183397),(553062,4183415),(553043,4183412),(553046,4183394)
(552999,4183523),(552996,4183538),(552981,4183536),(552984,4183521),(552999,4183523)
(553033,4183505),(553033,4183536),(553001,4183536),(553001,4183505),(553033,4183505)
(553023,4183633),(552989,4183628),(552994,4183597),(553027,4183602),(553023,4183633)
(552860,4183418),(552838,4183414),(552841,4183397),(552863,4183401),(552860,4183418)
(552445,4183530),(552441,4183552),(552412,4183547),(552416,4183526),(552445,4183530)
(552507,4182522),(552505,4182535),(552494,4182533),(552496,4182521),(552507,4182522)
(552644,4182852),(552636,4182897),(552604,4182891),(552612,4182846),(552644,4182852)
(553151,4183229),(553175,4183223),(553181,4183247),(553157,4183252),(553151,4183229)
(552483,4183141),(552496,4183144),(552493,4183163),(552479,4183160),(552483,4183141)
(553058,4183392),(553076,4183395),(553073,4183414),(553055,4183411),(553058,4183392)
(553075,4183404),(553072,4183423),(553054,4183420),(553057,4183402),(553075,4183404)
(553122,4183451),(553148,4183455),(553145,4183476),(553119,4183472),(553122,4183451)
(553141,4183444),(553143,4183430),(553155,4183432),(553152,4183446),(553141,4183444)
(552798,4182880),(552807,4182829),(552858,4182838),(552849,4182889),(552798,4182880)
(552791,4183201),(552777,4183199),(552780,4183182),(552793,4183184),(552791,4183201)
(552385,4183253),(552388,4183235),(552399,4183237),(552396,4183255),(552385,4183253)
(552996,4182374),(552975,4182395),(552951,4182372),(552973,4182351),(552996,4182374)
(553008,4182686),(552984,4182710),(552943,4182668),(552967,4182644),(553008,4182686)
(552803,4182924),(552807,4182899),(552847,4182906),(552843,4182931),(552803,4182924)
(552586,4183592),(552589,4183572),(552626,4183578),(552623,4183598),(552586,4183592)
(552839,4182094),(552888,4182144),(552849,4182182),(552800,4182132),(552839,4182094)
(553462,4183096),(553410,4183148),(553373,4183111),(553426,4183059),(553462,4183096)
(553015,4182766),(552980,4182800),(552947,4182766),(552982,4182732),(553015,4182766)
(552582,4183531),(552633,4183540),(552626,4183577),(552575,4183568),(552582,4183531)
(552957,4183571),(552973,4183478),(553005,4183484),(552990,4183577),(552957,4183571)
(553469,4182690),(553448,4182710),(553438,4182699),(553458,4182679),(553469,4182690)
(552450,4182682),(552478,4182687),(552476,4182703),(552447,4182698),(552450,4182682)
(552408,4183438),(552449,4183445),(552443,4183482),(552402,4183475),(552408,4183438)
(552314,4182275),(552308,4182311),(552271,4182305),(552277,4182269),(552314,4182275)
(552657,4183270),(552650,4183311),(552621,4183306),(552627,4183265),(552657,4183270)
(552891,4183259),(552772,4183226),(552785,4183179),(552904,4183212),(552891,4183259)
(552404,4182711),(552414,4182657),(552458,4182665),(552449,4182719),(552404,4182711)
(552304,4182532),(552297,4182579),(552258,4182573),(552266,4182526),(552304,4182532)
(552864,4183388),(552880,4183391),(552876,4183412),(552859,4183409),(552864,4183388)
(552680,4183569),(552675,4183600),(552658,4183597),(552664,4183566),(552680,4183569)
(553209,4182738),(553177,4182769),(553163,4182755),(553195,4182723),(553209,4182738)
(553043,4183066),(553052,4183014),(553103,4183023),(553095,4183075),(553043,4183066)
(552729,4182816),(552719,4182868),(552693,4182863),(552703,4182811),(552729,4182816)
(552884,4183391),(552901,4183395),(552897,4183416),(552880,4183413),(552884,4183391)
(552377,4183371),(552387,4183309),(552430,4183316),(552420,4183378),(552377,4183371)
(552740,4183283),(552689,4183275),(552697,4183229),(552748,4183238),(552740,4183283)
(552308,4182630),(552290,4182627),(552297,4182580),(552315,4182582),(552308,4182630)
(552275,4182593),(552270,4182624),(552244,4182619),(552249,4182589),(552275,4182593)
(552938,4182704),(552963,4182729),(552948,4182744),(552922,4182720),(552938,4182704)
(553400,4182552),(553434,4182524),(553455,4182550),(553421,4182577),(553400,4182552)
(552451,4183584),(552456,4183552),(552483,4183557),(552478,4183588),(552451,4183584)
(552443,4183184),(552448,4183153),(552466,4183156),(552461,4183187),(552443,4183184)
(553270,4183431),(553456,4183561),(553427,4183603),(553240,4183472),(553270,4183431)
(552847,4182902),(552808,4182896),(552812,4182873),(552851,4182879),(552847,4182902)
(553033,4182812),(552982,4182863),(552946,4182827),(552997,4182776),(553033,4182812)
(553494,4182993),(553529,4183028),(553512,4183045),(553477,4183010),(553494,4182993)
(552614,4183383),(552569,4183375),(552573,4183351),(552618,4183359),(552614,4183383)
(552804,4182517),(552847,4182474),(552880,4182507),(552836,4182550),(552804,4182517)
(552824,4182477),(552806,4182495),(552784,4182473),(552802,4182455),(552824,4182477)
(552852,4182374),(552893,4182332),(552910,4182348),(552869,4182390),(552852,4182374)
(552824,4182451),(552837,4182465),(552817,4182485),(552803,4182471),(552824,4182451)
(552616,4183516),(552611,4183546),(552592,4183543),(552598,4183513),(552616,4183516)
(553058,4183458),(553054,4183482),(553038,4183479),(553042,4183456),(553058,4183458)
(552263,4182675),(552254,4182726),(552204,4182717),(552213,4182666),(552263,4182675)
(552796,4182762),(552866,4182774),(552859,4182820),(552788,4182808),(552796,4182762)
(553395,4182660),(553408,4182639),(553422,4182648),(553409,4182669),(553395,4182660)
(552539,4182329),(552495,4182372),(552471,4182347),(552515,4182304),(552539,4182329)
(552278,4182603),(552283,4182577),(552300,4182580),(552296,4182606),(552278,4182603)
(552626,4183163),(552595,4183158),(552603,4183112),(552634,4183117),(552626,4183163)
(552905,4182668),(552874,4182636),(552895,4182615),(552926,4182647),(552905,4182668)
(552947,4182301),(552906,4182343),(552878,4182316),(552920,4182274),(552947,4182301)
(552752,4182661),(552746,4182701),(552730,4182699),(552736,4182659),(552752,4182661)
(553032,4183478),(553036,4183455),(553051,4183457),(553048,4183481),(553032,4183478)
(552985,4183408),(553080,4183424),(553074,4183458),(552979,4183442),(552985,4183408)
(552555,4183340),(552561,4183306),(552583,4183310),(552578,4183344),(552555,4183340)
(553271,4183060),(553316,4183016),(553348,4183048),(553302,4183092),(553271,4183060)
(553010,4183472),(552993,4183469),(552997,4183448),(553014,4183451),(553010,4183472)
(553135,4182385),(553092,4182427),(553074,4182409),(553118,4182366),(553135,4182385)
(552941,4182382),(552964,4182405),(552950,4182419),(552927,4182396),(552941,4182382)
(552922,4183272),(552908,4183354),(552860,4183346),(552874,4183264),(552922,4183272)
(552832,4182594),(552815,4182577),(552836,4182556),(552853,4182573),(552832,4182594)
(552838,4182277),(552796,4182318),(552764,4182286),(552806,4182245),(552838,4182277)
(552784,4183042),(552776,4183089),(552722,4183080),(552730,4183033),(552784,4183042)
(552672,4183579),(552669,4183596),(552635,4183591),(552638,4183573),(552672,4183579)
(552707,4182312),(552748,4182271),(552771,4182293),(552729,4182334),(552707,4182312)
(552278,4182260),(552312,4182266),(552308,4182286),(552275,4182280),(552278,4182260)
(552873,4183412),(552877,4183390),(552894,4183393),(552890,4183415),(552873,4183412)
(552277,4182456),(552246,4182451),(552249,4182435),(552280,4182440),(552277,4182456)
(552685,4182511),(552705,4182532),(552678,4182558),(552658,4182538),(552685,4182511)
(552440,4182342),(552433,4182389),(552399,4182384),(552407,4182337),(552440,4182342)
(552297,4182473),(552289,4182520),(552259,4182515),(552267,4182468),(552297,4182473)
(553042,4183611),(553074,4183567),(553097,4183583),(553065,4183627),(553042,4183611)
(552473,4183354),(552517,4183362),(552511,4183393),(552468,4183386),(552473,4183354)
(552772,4182717),(552763,4182768),(552724,4182762),(552732,4182710),(552772,4182717)
(552438,4183350),(552433,4183380),(552416,4183377),(552421,4183347),(552438,4183350)
(553088,4183109),(553076,4183180),(553025,4183171),(553037,4183100),(553088,4183109)
(553391,4182655),(553371,4182675),(553358,4182662),(553378,4182642),(553391,4182655)
(552269,4182517),(552237,4182511),(552240,4182493),(552272,4182498),(552269,4182517)
(552493,4182369),(552515,4182347),(552538,4182371),(552516,4182393),(552493,4182369)
(552952,4182100),(552983,4182131),(552932,4182182),(552901,4182150),(552952,4182100)
(553417,4182719),(553437,4182699),(553448,4182710),(553428,4182730),(553417,4182719)
(552430,4183285),(552454,4183289),(552447,4183328),(552423,4183325),(552430,4183285)
(552987,4183577),(553034,4183585),(553031,4183606),(552983,4183598),(552987,4183577)
(552802,4183501),(552851,4183509),(552847,4183530),(552799,4183522),(552802,4183501)
(552716,4183279),(552740,4183283),(552733,4183323),(552709,4183319),(552716,4183279)
(552820,4182221),(552843,4182198),(552862,4182216),(552839,4182239),(552820,4182221)
(552982,4183367),(552898,4183353),(552912,4183270),(552995,4183284),(552982,4183367)
(552735,4182446),(552671,4182382),(552693,4182360),(552757,4182424),(552735,4182446)
(552932,4183096),(552967,4183101),(552963,4183124),(552928,4183119),(552932,4183096)
(553032,4182367),(553057,4182342),(553069,4182354),(553045,4182379),(553032,4182367)
(552772,4183088),(552769,4183111),(552749,4183108),(552752,4183085),(552772,4183088)
(553060,4183483),(553044,4183480),(553048,4183457),(553063,4183459),(553060,4183483)
(552471,4183089),(552465,4183117),(552449,4183114),(552454,4183086),(552471,4183089)
(552865,4183055),(552859,4183094),(552826,4183089),(552832,4183050),(552865,4183055)
(552445,4183135),(552451,4183107),(552465,4183110),(552459,4183138),(552445,4183135)
(553547,4182632),(553582,4182668),(553560,4182690),(553525,4182654),(553547,4182632)
(552623,4183446),(552628,4183418),(552644,4183421),(552639,4183449),(552623,4183446)
(552735,4182530),(552693,4182573),(552658,4182539),(552700,4182496),(552735,4182530)
(552652,4182279),(552707,4182334),(552664,4182376),(552610,4182321),(552652,4182279)
(552427,4183179),(552432,4183152),(552446,4183155),(552441,4183181),(552427,4183179)
(553385,4182702),(553405,4182722),(553394,4182733),(553374,4182713),(553385,4182702)
(552383,4182410),(552380,4182428),(552346,4182423),(552349,4182404),(552383,4182410)
(552533,4182160),(552554,4182181),(552513,4182223),(552492,4182202),(552533,4182160)
(552624,4183591),(552579,4183583),(552582,4183560),(552628,4183568),(552624,4183591)
(552647,4183520),(552678,4183525),(552669,4183577),(552638,4183572),(552647,4183520)
(552788,4182143),(552855,4182209),(552771,4182293),(552705,4182227),(552788,4182143)
(553109,4182395),(553123,4182408),(553098,4182433),(553084,4182419),(553109,4182395)
(552732,4183588),(552680,4183579),(552688,4183535),(552740,4183544),(552732,4183588)
(553059,4183542),(553052,4183587),(553019,4183582),(553027,4183536),(553059,4183542)
(552384,4183524),(552381,4183550),(552366,4183548),(552369,4183522),(552384,4183524)
(552695,4182917),(552687,4182968),(552659,4182964),(552668,4182912),(552695,4182917)
(552899,4182699),(552946,4182746),(552905,4182787),(552858,4182739),(552899,4182699)
(552528,4182783),(552523,4182816),(552496,4182811),(552501,4182778),(552528,4182783)
(552500,4182801),(552496,4182830),(552468,4182825),(552472,4182796),(552500,4182801)
(552877,4183130),(552915,4183136),(552911,4183159),(552873,4183153),(552877,4183130)
(553067,4183494),(553058,4183552),(553025,4183546),(553035,4183488),(553067,4183494)
(552894,4182950),(552944,4182958),(552937,4183001),(552887,4182992),(552894,4182950)
(552925,4182189),(552894,4182158),(552908,4182143),(552939,4182175),(552925,4182189)
(552746,4183565),(552750,4183538),(552770,4183541),(552765,4183568),(552746,4183565)
(552384,4182681),(552388,4182652),(552407,4182655),(552403,4182684),(552384,4182681)
(552310,4182523),(552318,4182476),(552338,4182480),(552330,4182527),(552310,4182523)
(552583,4183135),(552587,4183110),(552606,4183113),(552602,4183138),(552583,4183135)
(552696,4182947),(552732,4182953),(552729,4182975),(552692,4182969),(552696,4182947)
(552405,4182704),(552398,4182750),(552375,4182746),(552383,4182700),(552405,4182704)
(553125,4182373),(553082,4182417),(553069,4182404),(553111,4182360),(553125,4182373)
(553276,4182726),(553241,4182690),(553286,4182644),(553322,4182680),(553276,4182726)
(552544,4183199),(552494,4183190),(552501,4183148),(552551,4183157),(552544,4183199)
(552565,4183402),(552571,4183365),(552596,4183370),(552589,4183407),(552565,4183402)
(553191,4183311),(553113,4183298),(553123,4183240),(553201,4183253),(553191,4183311)
(552549,4182521),(552582,4182527),(552575,4182568),(552543,4182562),(552549,4182521)
(553051,4182324),(553033,4182342),(553007,4182316),(553025,4182298),(553051,4182324)
(553097,4183042),(553133,4183049),(553127,4183084),(553091,4183078),(553097,4183042)
(552279,4182519),(552287,4182471),(552318,4182476),(552310,4182524),(552279,4182519)
(552504,4183437),(552461,4183430),(552468,4183391),(552511,4183398),(552504,4183437)
(553298,4182636),(553332,4182600),(553367,4182634),(553333,4182670),(553298,4182636)
(552578,4182470),(552570,4182517),(552520,4182509),(552527,4182462),(552578,4182470)
(553200,4182728),(553159,4182768),(553129,4182738),(553170,4182697),(553200,4182728)
(552587,4183113),(552613,4183117),(552606,4183160),(552579,4183155),(552587,4183113)
(552452,4183431),(552459,4183389),(552478,4183393),(552471,4183435),(552452,4183431)
(553234,4182766),(553194,4182804),(553169,4182779),(553209,4182740),(553234,4182766)
(552511,4183594),(552515,4183568),(552537,4183572),(552533,4183597),(552511,4183594)
(552883,4183414),(552866,4183411),(552870,4183389),(552887,4183392),(552883,4183414)
(553501,4182755),(553458,4182797),(553419,4182758),(553461,4182716),(553501,4182755)
(552932,4182182),(552890,4182223),(552858,4182191),(552900,4182150),(552932,4182182)
(552913,4182661),(552888,4182685),(552853,4182649),(552877,4182625),(552913,4182661)
(552587,4182466),(552669,4182384),(552733,4182449),(552651,4182531),(552587,4182466)
(552378,4183547),(552374,4183571),(552343,4183566),(552348,4183542),(552378,4183547)
(552669,4182127),(552709,4182086),(552741,4182119),(552700,4182159),(552669,4182127)
(552275,4182623),(552283,4182577),(552308,4182582),(552300,4182628),(552275,4182623)
(552883,4183633),(552920,4183640),(552916,4183661),(552879,4183655),(552883,4183633)
(552604,4183456),(552596,4183507),(552566,4183503),(552574,4183451),(552604,4183456)
(552814,4183481),(552854,4183488),(552851,4183507),(552811,4183500),(552814,4183481)
(552283,4182712),(552288,4182682),(552337,4182690),(552332,4182720),(552283,4182712)
(552442,4183328),(552448,4183288),(552465,4183291),(552458,4183331),(552442,4183328)
(553103,4183146),(553065,4183140),(553074,4183090),(553112,4183097),(553103,4183146)
(552962,4182213),(552920,4182254),(552893,4182227),(552935,4182185),(552962,4182213)
(552441,4183217),(552403,4183210),(552408,4183180),(552446,4183187),(552441,4183217)
(552446,4183182),(552454,4183136),(552479,4183140),(552471,4183186),(552446,4183182)
(552637,4183515),(552585,4183506),(552591,4183476),(552642,4183485),(552637,4183515)
(553109,4182466),(553066,4182508),(553051,4182493),(553094,4182451),(553109,4182466)
(552444,4182716),(552472,4182721),(552469,4182742),(552441,4182737),(552444,4182716)
(552862,4183389),(552865,4183370),(552881,4183373),(552878,4183391),(552862,4183389)
(552784,4183027),(552790,4182990),(552832,4182997),(552826,4183033),(552784,4183027)
(552648,4183121),(552667,4183124),(552662,4183151),(552643,4183148),(552648,4183121)
(553233,4182338),(553276,4182384),(553246,4182412),(553203,4182367),(553233,4182338)
(553176,4182261),(553137,4182300),(553115,4182277),(553154,4182239),(553176,4182261)
(553023,4183409),(553004,4183406),(553007,4183389),(553026,4183392),(553023,4183409)
(553247,4182768),(553304,4182745),(553315,4182771),(553258,4182794),(553247,4182768)
(552438,4183141),(552434,4183166),(552410,4183162),(552413,4183138),(552438,4183141)
(553004,4183449),(553021,4183452),(553017,4183474),(553000,4183470),(553004,4183449)
(552821,4182874),(552813,4182925),(552781,4182920),(552789,4182869),(552821,4182874)
(552945,4182947),(552893,4182938),(552899,4182901),(552951,4182910),(552945,4182947)
(552635,4183362),(552626,4183413),(552587,4183406),(552596,4183355),(552635,4183362)
(552509,4183456),(552547,4183462),(552541,4183498),(552503,4183492),(552509,4183456)
(553318,4183447),(553202,4183605),(553156,4183571),(553272,4183414),(553318,4183447)
(552472,4183118),(552477,4183092),(552501,4183096),(552496,4183122),(552472,4183118)
(552582,4182611),(552587,4182580),(552646,4182590),(552641,4182621),(552582,4182611)
(553010,4183485),(553042,4183490),(553039,4183511),(553007,4183505),(553010,4183485)
(552341,4182658),(552337,4182681),(552319,4182677),(552323,4182655),(552341,4182658)
(552487,4182504),(552479,4182552),(552458,4182549),(552466,4182501),(552487,4182504)
(552447,4183347),(552450,4183289),(552480,4183291),(552476,4183349),(552447,4183347)
(552881,4183042),(552836,4183035),(552844,4182990),(552888,4182997),(552881,4183042)
(552554,4182432),(552525,4182404),(552567,4182361),(552596,4182390),(552554,4182432)
(552688,4183449),(552753,4183460),(552745,4183504),(552680,4183493),(552688,4183449)
(552923,4182383),(552902,4182404),(552871,4182374),(552892,4182352),(552923,4182383)
(552540,4183456),(552545,4183428),(552566,4183431),(552561,4183459),(552540,4183456)
(553457,4183275),(553552,4183331),(553533,4183365),(553437,4183309),(553457,4183275)
(552522,4182311),(552477,4182356),(552448,4182327),(552493,4182282),(552522,4182311)
(553215,4182821),(553295,4182744),(553339,4182791),(553259,4182867),(553215,4182821)
(552840,4183404),(552862,4183408),(552859,4183424),(552837,4183421),(552840,4183404)
(552604,4183524),(552635,4183529),(552631,4183550),(552601,4183545),(552604,4183524)
(553266,4182603),(553324,4182545),(553390,4182612),(553332,4182670),(553266,4182603)
(552634,4183114),(552642,4183065),(552712,4183077),(552704,4183126),(552634,4183114)
(552447,4183183),(552416,4183178),(552424,4183130),(552454,4183136),(552447,4183183)
(552950,4182674),(552923,4182647),(552946,4182624),(552973,4182651),(552950,4182674)
(552982,4182435),(552950,4182466),(552934,4182449),(552965,4182418),(552982,4182435)
(552759,4183493),(552767,4183441),(552818,4183449),(552810,4183501),(552759,4183493)
(552399,4182426),(552429,4182348),(552488,4182370),(552459,4182448),(552399,4182426)
(552866,4183105),(552874,4183056),(552903,4183061),(552894,4183110),(552866,4183105)
(552815,4182422),(552857,4182379),(552873,4182395),(552831,4182437),(552815,4182422)
(552395,4182702),(552418,4182706),(552410,4182753),(552386,4182749),(552395,4182702)
(552599,4183576),(552594,4183608),(552570,4183604),(552575,4183572),(552599,4183576)
(552505,4183173),(552485,4183170),(552489,4183144),(552509,4183147),(552505,4183173)
(552770,4182531),(552750,4182511),(552762,4182500),(552782,4182520),(552770,4182531)
(552884,4182049),(552939,4182105),(552895,4182148),(552840,4182093),(552884,4182049)
(552931,4182440),(552907,4182416),(552925,4182399),(552948,4182422),(552931,4182440)
(553210,4182646),(553287,4182725),(553263,4182748),(553187,4182669),(553210,4182646)
(552572,4183380),(552524,4183372),(552528,4183344),(552576,4183352),(552572,4183380)
(552722,4182698),(552729,4182653),(552747,4182655),(552740,4182701),(552722,4182698)
(553494,4182989),(553532,4182952),(553570,4182990),(553532,4183027),(553494,4182989)
(553446,4182805),(553409,4182841),(553373,4182805),(553410,4182769),(553446,4182805)
(552817,4182564),(552837,4182584),(552813,4182608),(552794,4182588),(552817,4182564)
(552561,4183407),(552557,4183435),(552539,4183432),(552544,4183404),(552561,4183407)
(552943,4182286),(552987,4182242),(553022,4182278),(552978,4182321),(552943,4182286)
(552674,4183074),(552682,4183024),(552720,4183030),(552712,4183080),(552674,4183074)
(553522,4182861),(553559,4182825),(553599,4182866),(553563,4182902),(553522,4182861)
(552704,4182696),(552714,4182636),(552743,4182641),(552732,4182701),(552704,4182696)
(553243,4182626),(553272,4182655),(553254,4182672),(553225,4182644),(553243,4182626)
(553141,4182427),(553154,4182440),(553129,4182465),(553116,4182452),(553141,4182427)
(552486,4182486),(552491,4182457),(552517,4182461),(552512,4182491),(552486,4182486)
(553172,4182923),(553105,4182989),(553068,4182952),(553136,4182885),(553172,4182923)
(552640,4183166),(552644,4183140),(552666,4183143),(552662,4183170),(552640,4183166)
(552903,4182845),(552897,4182882),(552862,4182877),(552868,4182839),(552903,4182845)
(552615,4183163),(552607,4183210),(552588,4183207),(552596,4183160),(552615,4183163)
(552554,4183405),(552549,4183433),(552533,4183431),(552537,4183403),(552554,4183405)
(552284,4182700),(552301,4182703),(552296,4182733),(552279,4182730),(552284,4182700)
(552524,4182287),(552461,4182216),(552489,4182191),(552552,4182262),(552524,4182287)
(552740,4182537),(552699,4182496),(552741,4182455),(552782,4182496),(552740,4182537)
(552839,4182560),(552885,4182514),(552917,4182545),(552870,4182591),(552839,4182560)
(552958,4182432),(552933,4182457),(552917,4182440),(552941,4182415),(552958,4182432)
(552807,4182494),(552795,4182506),(552773,4182484),(552785,4182472),(552807,4182494)
(552506,4182767),(552510,4182737),(552539,4182741),(552534,4182771),(552506,4182767)
(552990,4183449),(553007,4183452),(553003,4183474),(552986,4183471),(552990,4183449)
(552579,4182632),(552637,4182642),(552630,4182683),(552572,4182673),(552579,4182632)
(552673,4182750),(552665,4182795),(552622,4182788),(552629,4182743),(552673,4182750)
(552878,4182441),(552901,4182421),(552923,4182446),(552900,4182467),(552878,4182441)
(552618,4183056),(552610,4183107),(552572,4183100),(552580,4183050),(552618,4183056)
(552569,4183049),(552564,4183080),(552514,4183072),(552519,4183041),(552569,4183049)
(552441,4182652),(552449,4182601),(552492,4182608),(552484,4182659),(552441,4182652)
(552511,4183298),(552503,4183344),(552462,4183337),(552470,4183291),(552511,4183298)
(552480,4182679),(552477,4182697),(552448,4182692),(552451,4182674),(552480,4182679)
(552843,4183447),(552847,4183425),(552864,4183428),(552860,4183450),(552843,4183447)
(553284,4183058),(553334,4183109),(553300,4183142),(553250,4183092),(553284,4183058)
(552535,4183550),(552562,4183555),(552558,4183577),(552531,4183573),(552535,4183550)
(552908,4182515),(552857,4182465),(552898,4182422),(552950,4182473),(552908,4182515)
(552329,4182429),(552379,4182438),(552371,4182485),(552321,4182477),(552329,4182429)
(552321,4182665),(552325,4182642),(552345,4182645),(552341,4182668),(552321,4182665)
(552343,4182197),(552458,4182083),(552519,4182144),(552404,4182258),(552343,4182197)
(552862,4183404),(552841,4183400),(552843,4183383),(552865,4183387),(552862,4183404)
(552721,4182663),(552714,4182697),(552692,4182693),(552698,4182659),(552721,4182663)
(552594,4183436),(552589,4183464),(552566,4183460),(552570,4183432),(552594,4183436)
(552376,4182717),(552397,4182720),(552392,4182749),(552371,4182746),(552376,4182717)
(552276,4182527),(552268,4182575),(552228,4182568),(552236,4182521),(552276,4182527)
(552715,4182619),(552707,4182667),(552685,4182663),(552693,4182616),(552715,4182619)
(552982,4182388),(552964,4182406),(552941,4182382),(552959,4182365),(552982,4182388)
(552395,4182654),(552388,4182700),(552366,4182697),(552373,4182651),(552395,4182654)
(552710,4183488),(552747,4183494),(552743,4183516),(552706,4183510),(552710,4183488)
(552865,4182254),(552839,4182279),(552825,4182266),(552851,4182240),(552865,4182254)
(553054,4183590),(553033,4183679),(553009,4183673),(553030,4183585),(553054,4183590)
(552735,4182991),(552744,4182937),(552838,4182953),(552829,4183007),(552735,4182991)
(553350,4182889),(553314,4182925),(553283,4182893),(553320,4182858),(553350,4182889)
(553029,4182555),(552987,4182596),(552958,4182567),(553000,4182526),(553029,4182555)
(552417,4182550),(552411,4182584),(552368,4182576),(552374,4182543),(552417,4182550)
(552496,4182488),(552468,4182483),(552473,4182455),(552500,4182459),(552496,4182488)
(552890,4183116),(552883,4183154),(552865,4183151),(552872,4183113),(552890,4183116)
(552756,4182502),(552732,4182527),(552706,4182502),(552730,4182477),(552756,4182502)
(553270,4183058),(553345,4182985),(553412,4183053),(553336,4183126),(553270,4183058)
(552433,4183481),(552440,4183440),(552475,4183446),(552468,4183487),(552433,4183481)
(552319,4182631),(552324,4182598),(552343,4182601),(552338,4182634),(552319,4182631)
(552614,4183059),(552576,4183053),(552584,4183007),(552621,4183014),(552614,4183059)
(552303,4182703),(552334,4182708),(552329,4182739),(552298,4182734),(552303,4182703)
(552545,4183499),(552553,4183448),(552575,4183452),(552566,4183503),(552545,4183499)
(552662,4182268),(552704,4182226),(552755,4182278),(552713,4182320),(552662,4182268)
(552407,4183577),(552414,4183537),(552443,4183542),(552437,4183581),(552407,4183577)
(552853,4183498),(552805,4183490),(552810,4183462),(552858,4183470),(552853,4183498)
(552672,4183315),(552636,4183309),(552643,4183268),(552678,4183273),(552672,4183315)
(552617,4183230),(552605,4183300),(552542,4183290),(552554,4183220),(552617,4183230)
(552455,4183108),(552474,4183111),(552468,4183138),(552449,4183134),(552455,4183108)
(552808,4182882),(552756,4182873),(552765,4182822),(552816,4182830),(552808,4182882)
(552853,4183448),(552815,4183442),(552819,4183418),(552857,4183424),(552853,4183448)
(552384,4182652),(552376,4182699),(552348,4182694),(552355,4182647),(552384,4182652)
(552547,4183433),(552551,4183405),(552570,4183408),(552565,4183436),(552547,4183433)
(552637,4183362),(552662,4183366),(552659,4183383),(552634,4183379),(552637,4183362)
(552674,4183143),(552670,4183171),(552652,4183168),(552656,4183140),(552674,4183143)
(553076,4182360),(553051,4182385),(553037,4182372),(553063,4182346),(553076,4182360)
(553430,4182640),(553448,4182650),(553438,4182667),(553420,4182656),(553430,4182640)
(552690,4182853),(552747,4182862),(552743,4182884),(552686,4182875),(552690,4182853)
(552934,4182371),(552916,4182390),(552885,4182360),(552903,4182341),(552934,4182371)
(552909,4182912),(552857,4182904),(552863,4182867),(552915,4182875),(552909,4182912)
(552739,4183182),(552798,4183192),(552791,4183234),(552732,4183224),(552739,4183182)
(552587,4182949),(552533,4182940),(552541,4182891),(552595,4182900),(552587,4182949)
(552892,4182843),(552961,4182855),(552950,4182919),(552881,4182908),(552892,4182843)
(552495,4182836),(552467,4182831),(552470,4182815),(552497,4182820),(552495,4182836)
(552975,4183141),(552926,4183133),(552930,4183109),(552979,4183117),(552975,4183141)
(552381,4182420),(552350,4182415),(552353,4182396),(552384,4182402),(552381,4182420)
(552870,4183347),(552785,4183332),(552799,4183250),(552884,4183264),(552870,4183347)
(553538,4183176),(553565,4183195),(553538,4183232),(553511,4183212),(553538,4183176)
(553188,4182270),(553172,4182285),(553159,4182273),(553175,4182257),(553188,4182270)
(552627,4182704),(552617,4182765),(552588,4182760),(552598,4182699),(552627,4182704)
(552433,4183033),(552441,4182984),(552489,4182993),(552481,4183041),(552433,4183033)
(552369,4182570),(552407,4182577),(552403,4182603),(552364,4182596),(552369,4182570)
(552549,4183527),(552543,4183556),(552494,4183547),(552499,4183517),(552549,4183527)
(552519,4183571),(552491,4183566),(552495,4183543),(552523,4183548),(552519,4183571)
(552822,4182618),(552805,4182601),(552829,4182576),(552846,4182593),(552822,4182618)
(553062,4182360),(553086,4182335),(553098,4182347),(553074,4182372),(553062,4182360)
(552590,4183184),(552586,4183205),(552568,4183202),(552572,4183181),(552590,4183184)
(552411,4183482),(552402,4183533),(552378,4183529),(552387,4183477),(552411,4183482)
(552623,4183342),(552619,4183369),(552571,4183361),(552576,4183334),(552623,4183342)
(553088,4183453),(553131,4183459),(553124,4183506),(553081,4183500),(553088,4183453)
(552378,4182698),(552385,4182652),(552423,4182658),(552416,4182705),(552378,4182698)
(553024,4182467),(553057,4182501),(553018,4182540),(552984,4182507),(553024,4182467)
(553175,4183585),(553132,4183649),(553111,4183635),(553154,4183570),(553175,4183585)
(553406,4182705),(553416,4182685),(553429,4182692),(553420,4182712),(553406,4182705)
(553455,4182682),(553475,4182662),(553486,4182673),(553466,4182693),(553455,4182682)
(552589,4183551),(552559,4183547),(552566,4183508),(552595,4183512),(552589,4183551)
(552473,4183364),(552481,4183319),(552522,4183326),(552514,4183372),(552473,4183364)
(553272,4182976),(553308,4182940),(553338,4182971),(553302,4183006),(553272,4182976)
(553309,4183367),(553436,4183196),(553490,4183236),(553364,4183407),(553309,4183367)
(552493,4182597),(552451,4182590),(552456,4182558),(552499,4182565),(552493,4182597)
(553121,4183640),(553337,4183799),(553316,4183828),(553100,4183668),(553121,4183640)
(552985,4183606),(552974,4183671),(552942,4183666),(552952,4183601),(552985,4183606)
(552483,4182456),(552475,4182503),(552447,4182499),(552455,4182452),(552483,4182456)
(552692,4182809),(552683,4182868),(552610,4182856),(552620,4182797),(552692,4182809)
(552494,4182838),(552489,4182872),(552460,4182868),(552465,4182834),(552494,4182838)
(553176,4182425),(553200,4182402),(553246,4182448),(553222,4182472),(553176,4182425)
(552950,4182354),(552924,4182328),(552949,4182303),(552975,4182329),(552950,4182354)
(553453,4183032),(553489,4183069),(553473,4183086),(553436,4183049),(553453,4183032)
(552437,4182449),(552453,4182451),(552449,4182478),(552433,4182475),(552437,4182449)
(553001,4182248),(553037,4182213),(553063,4182240),(553027,4182275),(553001,4182248)
(552607,4183443),(552583,4183439),(552588,4183411),(552612,4183415),(552607,4183443)
(552396,4182184),(552415,4182203),(552370,4182248),(552351,4182228),(552396,4182184)
(552977,4182267),(552957,4182287),(552946,4182275),(552966,4182255),(552977,4182267)
(552429,4183485),(552421,4183536),(552393,4183532),(552402,4183481),(552429,4183485)
(553279,4183487),(553243,4183542),(553207,4183519),(553242,4183463),(553279,4183487)
(552640,4181928),(552693,4181874),(552727,4181907),(552674,4181961),(552640,4181928)
(553391,4182480),(553434,4182522),(553395,4182562),(553352,4182519),(553391,4182480)
(552375,4182464),(552354,4182461),(552358,4182435),(552379,4182438),(552375,4182464)
(552605,4183362),(552597,4183408),(552580,4183405),(552587,4183359),(552605,4183362)
(552932,4182370),(552907,4182346),(552921,4182332),(552946,4182356),(552932,4182370)
(552732,4182954),(552696,4182948),(552700,4182918),(552736,4182923),(552732,4182954)
(552778,4182954),(552744,4182948),(552748,4182924),(552782,4182930),(552778,4182954)
(552227,4182567),(552278,4182575),(552273,4182607),(552222,4182599),(552227,4182567)
(552620,4183469),(552579,4183463),(552584,4183434),(552624,4183441),(552620,4183469)
(552878,4182602),(552926,4182554),(552973,4182602),(552925,4182649),(552878,4182602)
(553521,4183195),(553474,4183159),(553513,4183107),(553560,4183143),(553521,4183195)
(552392,4182431),(552402,4182374),(552442,4182381),(552432,4182437),(552392,4182431)
(552263,4182356),(552367,4182373),(552358,4182425),(552255,4182407),(552263,4182356)
(552509,4182719),(552505,4182740),(552482,4182736),(552486,4182715),(552509,4182719)
(552961,4182209),(552998,4182246),(552956,4182288),(552919,4182251),(552961,4182209)
(552498,4183112),(552493,4183142),(552469,4183138),(552474,4183108),(552498,4183112)
(552888,4183374),(552905,4183377),(552902,4183395),(552885,4183392),(552888,4183374)
(552897,4183221),(552811,4183206),(552820,4183154),(552906,4183169),(552897,4183221)
(552435,4182312),(552479,4182268),(552500,4182289),(552456,4182333),(552435,4182312)
(553008,4182216),(552980,4182244),(552929,4182193),(552957,4182165),(553008,4182216)
(552720,4182395),(552744,4182372),(552776,4182403),(552752,4182427),(552720,4182395)
(552721,4183016),(552685,4183011),(552691,4182976),(552727,4182982),(552721,4183016)
(552692,4182865),(552741,4182874),(552735,4182908),(552686,4182900),(552692,4182865)
(553145,4183109),(553273,4183122),(553263,4183212),(553136,4183198),(553145,4183109)
(552472,4182399),(552526,4182411),(552516,4182454),(552462,4182442),(552472,4182399)
(552570,4183388),(552523,4183380),(552526,4183362),(552573,4183370),(552570,4183388)
(552431,4183349),(552426,4183379),(552410,4183376),(552415,4183346),(552431,4183349)
(553024,4183453),(553040,4183455),(553036,4183479),(553020,4183476),(553024,4183453)
(552832,4182270),(552870,4182310),(552828,4182350),(552790,4182310),(552832,4182270)
(552239,4182502),(552245,4182465),(552276,4182470),(552270,4182508),(552239,4182502)
(552776,4183638),(552784,4183590),(552836,4183598),(552828,4183647),(552776,4183638)
(553092,4183151),(553123,4183156),(553121,4183172),(553089,4183166),(553092,4183151)
(553097,4183124),(553101,4183096),(553132,4183101),(553127,4183129),(553097,4183124)
(552774,4183331),(552736,4183325),(552739,4183306),(552777,4183312),(552774,4183331)
(553150,4182272),(553167,4182290),(553146,4182310),(553129,4182292),(553150,4182272)
(552835,4182358),(552878,4182315),(552902,4182339),(552860,4182382),(552835,4182358)
(552694,4183177),(552687,4183220),(552617,4183208),(552624,4183165),(552694,4183177)
(552776,4183322),(552737,4183316),(552742,4183284),(552781,4183290),(552776,4183322)
(552436,4183156),(552432,4183179),(552409,4183176),(552413,4183153),(552436,4183156)
(553156,4182786),(553119,4182823),(553082,4182786),(553119,4182749),(553156,4182786)
(552555,4183182),(552559,4183153),(552601,4183160),(552596,4183189),(552555,4183182)
(552758,4182638),(552721,4182600),(552759,4182563),(552796,4182601),(552758,4182638)
(552898,4182988),(552844,4182979),(552850,4182942),(552904,4182950),(552898,4182988)
(552555,4182679),(552550,4182708),(552510,4182702),(552514,4182673),(552555,4182679)
(552890,4182412),(552869,4182433),(552845,4182409),(552865,4182388),(552890,4182412)
(553409,4182645),(553419,4182625),(553435,4182633),(553425,4182653),(553409,4182645)
(552322,4182364),(552329,4182324),(552359,4182329),(552352,4182369),(552322,4182364)
(552412,4183477),(552359,4183468),(552368,4183416),(552421,4183425),(552412,4183477)
(552319,4182428),(552311,4182475),(552294,4182472),(552301,4182425),(552319,4182428)
(552563,4183602),(552568,4183573),(552584,4183576),(552580,4183605),(552563,4183602)
(552736,4182700),(552742,4182664),(552757,4182667),(552752,4182703),(552736,4182700)
(552468,4183234),(552475,4183191),(552501,4183195),(552494,4183239),(552468,4183234)
(553359,4182876),(553396,4182913),(553379,4182931),(553341,4182894),(553359,4182876)
(553043,4182378),(553068,4182352),(553081,4182365),(553056,4182390),(553043,4182378)
(552789,4182669),(552764,4182644),(552805,4182604),(552830,4182629),(552789,4182669)
(552653,4183422),(552648,4183450),(552629,4183447),(552634,4183419),(552653,4183422)
(552625,4183587),(552621,4183612),(552584,4183606),(552588,4183582),(552625,4183587)
(552764,4182536),(552739,4182510),(552752,4182498),(552777,4182524),(552764,4182536)
(552525,4182771),(552534,4182720),(552589,4182730),(552581,4182781),(552525,4182771)
(552459,4183435),(552410,4183427),(552417,4183382),(552466,4183390),(552459,4183435)
(552876,4183056),(552867,4183106),(552840,4183101),(552848,4183051),(552876,4183056)
(552703,4182967),(552678,4182963),(552686,4182915),(552711,4182919),(552703,4182967)
(552392,4182601),(552401,4182549),(552447,4182557),(552438,4182609),(552392,4182601)
(552499,4183467),(552494,4183491),(552469,4183486),(552473,4183463),(552499,4183467)
(553058,4183383),(553063,4183355),(553084,4183359),(553079,4183387),(553058,4183383)
(552356,4182365),(552248,4182256),(552296,4182208),(552404,4182317),(552356,4182365)
(552458,4183155),(552453,4183183),(552436,4183180),(552441,4183152),(552458,4183155)
(553005,4182360),(553027,4182383),(553002,4182408),(552980,4182386),(553005,4182360)
(552912,4183460),(552873,4183454),(552879,4183415),(552919,4183421),(552912,4183460)
(552580,4183541),(552585,4183511),(552607,4183514),(552602,4183545),(552580,4183541)
(552449,4183097),(552445,4183120),(552419,4183115),(552423,4183093),(552449,4183097)
(552457,4183358),(552414,4183351),(552420,4183317),(552463,4183324),(552457,4183358)
(552324,4182498),(552320,4182525),(552300,4182522),(552304,4182495),(552324,4182498)
(553233,4182952),(553248,4182937),(553265,4182954),(553251,4182969),(553233,4182952)
(552741,4182368),(552717,4182392),(552700,4182376),(552724,4182351),(552741,4182368)
(552713,4183181),(552721,4183133),(552803,4183147),(552795,4183195),(552713,4183181)
(553095,4182980),(553173,4182904),(553212,4182943),(553134,4183019),(553095,4182980)
(552494,4182842),(552466,4182838),(552469,4182821),(552496,4182825),(552494,4182842)
(553377,4182799),(553414,4182837),(553382,4182870),(553344,4182832),(553377,4182799)
(552401,4182488),(552427,4182492),(552419,4182542),(552393,4182537),(552401,4182488)
(552388,4183531),(552372,4183528),(552378,4183495),(552394,4183498),(552388,4183531)
(552418,4182445),(552410,4182492),(552383,4182488),(552391,4182441),(552418,4182445)
(552326,4182492),(552349,4182496),(552343,4182529),(552320,4182525),(552326,4182492)
(552519,4183400),(552547,4183404),(552542,4183432),(552515,4183428),(552519,4183400)
(552653,4183019),(552637,4183114),(552569,4183102),(552585,4183008),(552653,4183019)
(552629,4182418),(552570,4182359),(552608,4182323),(552666,4182382),(552629,4182418)
(553039,4182187),(553073,4182154),(553091,4182172),(553057,4182205),(553039,4182187)
(552627,4182714),(552596,4182709),(552600,4182687),(552630,4182692),(552627,4182714)
(552671,4183567),(552667,4183588),(552637,4183582),(552640,4183562),(552671,4183567)
(553100,4183114),(553130,4183119),(553126,4183138),(553097,4183133),(553100,4183114)
(552458,4183137),(552466,4183090),(552487,4183094),(552479,4183140),(552458,4183137)
(552950,4183411),(552973,4183415),(552969,4183437),(552946,4183433),(552950,4183411)
(552437,4182448),(552429,4182496),(552400,4182491),(552408,4182443),(552437,4182448)
(552941,4182382),(552968,4182409),(552944,4182433),(552917,4182406),(552941,4182382)
(552335,4182643),(552330,4182677),(552312,4182674),(552317,4182641),(552335,4182643)
(552590,4182751),(552618,4182755),(552613,4182786),(552585,4182781),(552590,4182751)
(552389,4183553),(552394,4183521),(552422,4183526),(552417,4183557),(552389,4183553)
(552452,4183232),(552459,4183188),(552485,4183193),(552478,4183236),(552452,4183232)
(552541,4183575),(552515,4183570),(552519,4183548),(552545,4183552),(552541,4183575)
(552801,4182863),(552806,4182829),(552822,4182832),(552817,4182865),(552801,4182863)
(552583,4183175),(552578,4183206),(552551,4183201),(552556,4183171),(552583,4183175)
(552306,4182425),(552298,4182473),(552272,4182468),(552280,4182421),(552306,4182425)
(552691,4182598),(552683,4182641),(552647,4182635),(552655,4182592),(552691,4182598)
(552442,4183152),(552437,4183181),(552422,4183178),(552427,4183149),(552442,4183152)
(552662,4183122),(552703,4183129),(552700,4183149),(552659,4183142),(552662,4183122)
(552984,4183445),(553000,4183448),(552996,4183470),(552980,4183467),(552984,4183445)
(553052,4183388),(553047,4183419),(553018,4183415),(553022,4183383),(553052,4183388)
(552509,4182559),(552517,4182509),(552560,4182516),(552552,4182566),(552509,4182559)
(553119,4183180),(553088,4183174),(553091,4183156),(553122,4183162),(553119,4183180)
(552809,4183447),(552860,4183456),(552856,4183480),(552805,4183471),(552809,4183447)
(552556,4183430),(552580,4183434),(552576,4183461),(552551,4183457),(552556,4183430)
(553162,4182693),(553009,4182540),(553053,4182496),(553206,4182649),(553162,4182693)
(552541,4182833),(552510,4182827),(552519,4182781),(552549,4182787),(552541,4182833)
(553244,4182328),(553204,4182367),(553179,4182342),(553219,4182302),(553244,4182328)
(552564,4183133),(552593,4183138),(552589,4183158),(552561,4183153),(552564,4183133)
(552884,4183109),(552892,4183060),(552913,4183063),(552905,4183112),(552884,4183109)
(552735,4182758),(552686,4182749),(552693,4182704),(552742,4182712),(552735,4182758)
(553162,4182412),(553119,4182454),(553091,4182425),(553134,4182383),(553162,4182412)
(552287,4182578),(552294,4182531),(552325,4182536),(552317,4182583),(552287,4182578)
(552794,4182892),(552754,4182885),(552758,4182863),(552798,4182870),(552794,4182892)
(553221,4183088),(553155,4183021),(553189,4182986),(553256,4183053),(553221,4183088)
(553065,4182188),(553091,4182214),(553059,4182246),(553032,4182220),(553065,4182188)
(552704,4182626),(552726,4182630),(552719,4182669),(552697,4182665),(552704,4182626)
(552505,4182847),(552500,4182874),(552484,4182872),(552488,4182844),(552505,4182847)
(553363,4182970),(553435,4182898),(553499,4182962),(553427,4183035),(553363,4182970)
(552387,4183541),(552381,4183572),(552365,4183569),(552370,4183539),(552387,4183541)
(552694,4182956),(552697,4182937),(552733,4182944),(552730,4182962),(552694,4182956)
(553053,4182337),(553027,4182363),(553015,4182350),(553040,4182324),(553053,4182337)
(552952,4183606),(552957,4183573),(552989,4183578),(552984,4183612),(552952,4183606)
(553445,4182640),(553463,4182653),(553454,4182666),(553436,4182652),(553445,4182640)
(552801,4181968),(552745,4181912),(552784,4181873),(552839,4181929),(552801,4181968)
(553265,4183043),(553199,4182977),(553224,4182952),(553290,4183019),(553265,4183043)
(552671,4182742),(552766,4182758),(552757,4182811),(552662,4182795),(552671,4182742)
(553397,4182690),(553408,4182672),(553422,4182680),(553411,4182699),(553397,4182690)
(553001,4183178),(553145,4183202),(553130,4183291),(552987,4183267),(553001,4183178)
(553189,4182526),(553256,4182459),(553322,4182526),(553255,4182593),(553189,4182526)
(553347,4182830),(553378,4182861),(553344,4182895),(553313,4182864),(553347,4182830)
(552956,4182311),(552914,4182353),(552891,4182330),(552933,4182288),(552956,4182311)
(552330,4182579),(552322,4182632),(552298,4182628),(552306,4182576),(552330,4182579)
(552884,4182361),(552913,4182390),(552889,4182414),(552860,4182384),(552884,4182361)
(552527,4183293),(552478,4183284),(552486,4183236),(552536,4183244),(552527,4183293)
(552858,4183150),(552865,4183111),(552882,4183115),(552875,4183153),(552858,4183150)
(553138,4182904),(553167,4182874),(553194,4182901),(553164,4182930),(553138,4182904)
(552547,4182727),(552486,4182717),(552490,4182689),(552552,4182698),(552547,4182727)
(553063,4182312),(553043,4182332),(553017,4182305),(553037,4182285),(553063,4182312)
(553464,4183022),(553500,4183059),(553482,4183076),(553446,4183039),(553464,4183022)
(552985,4182708),(552947,4182745),(552904,4182701),(552942,4182664),(552985,4182708)
(552694,4183175),(552659,4183169),(552664,4183143),(552699,4183149),(552694,4183175)
(553126,4182873),(553092,4182838),(553150,4182781),(553184,4182816),(553126,4182873)
(552746,4183568),(552795,4183576),(552791,4183598),(552742,4183590),(552746,4183568)
(552594,4183454),(552647,4183463),(552641,4183495),(552588,4183486),(552594,4183454)
(552382,4182486),(552411,4182491),(552408,4182508),(552379,4182503),(552382,4182486)
(552417,4183129),(552421,4183105),(552447,4183109),(552443,4183133),(552417,4183129)
(552734,4182361),(552750,4182377),(552726,4182401),(552709,4182385),(552734,4182361)
(552880,4182234),(552855,4182259),(552836,4182240),(552861,4182215),(552880,4182234)
(552861,4183411),(552839,4183407),(552842,4183390),(552864,4183394),(552861,4183411)
(552383,4183318),(552389,4183280),(552440,4183289),(552433,4183326),(552383,4183318)
(553022,4182737),(553063,4182777),(553038,4182801),(552998,4182761),(553022,4182737)
(552436,4183486),(552428,4183538),(552411,4183536),(552420,4183483),(552436,4183486)
(552907,4182157),(552865,4182198),(552849,4182181),(552890,4182140),(552907,4182157)
(552389,4182377),(552386,4182395),(552354,4182389),(552357,4182372),(552389,4182377)
(552832,4182272),(552875,4182229),(552912,4182267),(552869,4182310),(552832,4182272)
(552637,4183580),(552733,4183597),(552727,4183629),(552632,4183612),(552637,4183580)
(553039,4182898),(553004,4182862),(553039,4182829),(553074,4182865),(553039,4182898)
(552923,4182447),(552899,4182423),(552914,4182409),(552938,4182433),(552923,4182447)
(553538,4183286),(553591,4183316),(553562,4183366),(553509,4183336),(553538,4183286)
(552494,4183237),(552486,4183286),(552383,4183269),(552391,4183220),(552494,4183237)
(552884,4183058),(552876,4183107),(552857,4183104),(552866,4183055),(552884,4183058)
(552286,4182733),(552291,4182701),(552313,4182704),(552308,4182736),(552286,4182733)
(553244,4182342),(553211,4182375),(553199,4182363),(553232,4182329),(553244,4182342)
(552847,4182970),(552896,4182978),(552892,4183000),(552843,4182991),(552847,4182970)
(552331,4182480),(552307,4182475),(552315,4182427),(552340,4182431),(552331,4182480)
(553468,4182726),(553512,4182681),(553570,4182740),(553526,4182784),(553468,4182726)
(552957,4182482),(552996,4182522),(552955,4182563),(552915,4182523),(552957,4182482)
(552424,4182446),(552420,4182474),(552398,4182470),(552402,4182442),(552424,4182446)
(552568,4183334),(552550,4183331),(552554,4183305),(552572,4183308),(552568,4183334)
(552621,4183182),(552617,4183211),(552598,4183208),(552602,4183179),(552621,4183182)
(553485,4182999),(553502,4182982),(553539,4183020),(553523,4183037),(553485,4182999)
(552624,4183352),(552574,4183344),(552580,4183310),(552630,4183318),(552624,4183352)
(552379,4182699),(552371,4182746),(552340,4182741),(552348,4182694),(552379,4182699)
(552511,4182300),(552560,4182252),(552608,4182301),(552559,4182349),(552511,4182300)
(552607,4183162),(552603,4183189),(552587,4183186),(552591,4183159),(552607,4183162)
(552281,4182446),(552277,4182470),(552245,4182465),(552249,4182440),(552281,4182446)
(552564,4182670),(552578,4182580),(552597,4182583),(552582,4182673),(552564,4182670)
(552968,4183444),(552945,4183439),(552948,4183423),(552971,4183427),(552968,4183444)
(553430,4182626),(553448,4182640),(553439,4182652),(553421,4182638),(553430,4182626)
(553238,4182774),(553161,4182695),(553185,4182671),(553262,4182751),(553238,4182774)
(552987,4182393),(552959,4182364),(552984,4182339),(553012,4182368),(552987,4182393)
(553160,4182247),(553121,4182286),(553081,4182245),(553119,4182207),(553160,4182247)
(552444,4183135),(552464,4183138),(552460,4183162),(552440,4183159),(552444,4183135)
(552737,4182563),(552710,4182590),(552694,4182573),(552720,4182547),(552737,4182563)
(552439,4183524),(552420,4183520),(552426,4183484),(552445,4183488),(552439,4183524)
(553620,4182713),(553686,4182780),(553624,4182841),(553558,4182774),(553620,4182713)
(552354,4182352),(552392,4182358),(552389,4182381),(552350,4182375),(552354,4182352)
(552747,4182554),(552730,4182571),(552704,4182545),(552721,4182528),(552747,4182554)
(552608,4182232),(552644,4182268),(552617,4182295),(552581,4182259),(552608,4182232)
(552590,4183542),(552580,4183605),(552550,4183600),(552561,4183537),(552590,4183542)
(552781,4183440),(552797,4183345),(552831,4183350),(552815,4183445),(552781,4183440)
(552741,4183531),(552702,4183525),(552707,4183500),(552745,4183506),(552741,4183531)
(552602,4183409),(552610,4183361),(552643,4183366),(552635,4183414),(552602,4183409)
(552955,4182229),(552925,4182259),(552907,4182240),(552936,4182211),(552955,4182229)
(552746,4182504),(552772,4182530),(552758,4182543),(552733,4182517),(552746,4182504)
(552347,4182504),(552325,4182500),(552328,4182478),(552351,4182482),(552347,4182504)
(552496,4183163),(552492,4183190),(552472,4183186),(552476,4183160),(552496,4183163)
(553114,4183506),(553100,4183589),(553052,4183581),(553066,4183498),(553114,4183506)
(552452,4182580),(552496,4182587),(552491,4182618),(552447,4182611),(552452,4182580)
(552504,4182536),(552465,4182530),(552470,4182500),(552509,4182507),(552504,4182536)
(552434,4183132),(552431,4183151),(552412,4183148),(552415,4183128),(552434,4183132)
(552657,4183467),(552693,4183473),(552689,4183494),(552653,4183489),(552657,4183467)
(552355,4182583),(552352,4182601),(552317,4182595),(552320,4182578),(552355,4182583)
(553486,4182842),(553556,4182912),(553495,4182973),(553424,4182903),(553486,4182842)
(552755,4183270),(552733,4183266),(552738,4183236),(552760,4183239),(552755,4183270)
(552777,4183543),(552772,4183569),(552755,4183566),(552760,4183540),(552777,4183543)
(552771,4183102),(552765,4183135),(552743,4183131),(552749,4183098),(552771,4183102)
(553401,4182843),(553443,4182802),(553476,4182835),(553434,4182876),(553401,4182843)
(552752,4182549),(552725,4182521),(552738,4182508),(552766,4182536),(552752,4182549)
(552779,4182492),(552741,4182453),(552784,4182410),(552822,4182449),(552779,4182492)
(552568,4183107),(552596,4183112),(552591,4183148),(552563,4183143),(552568,4183107)
(552808,4182331),(552782,4182355),(552765,4182337),(552790,4182312),(552808,4182331)
(552341,4182671),(552336,4182695),(552309,4182690),(552313,4182666),(552341,4182671)
(553595,4182957),(553558,4182993),(553525,4182959),(553563,4182923),(553595,4182957)
(552330,4182618),(552333,4182599),(552351,4182602),(552348,4182621),(552330,4182618)
(553134,4183195),(553235,4183212),(553226,4183267),(553125,4183250),(553134,4183195)
(553269,4182657),(553241,4182627),(553256,4182612),(553285,4182642),(553269,4182657)
(552902,4183563),(552947,4183569),(552942,4183606),(552897,4183600),(552902,4183563)
(552754,4182176),(552789,4182142),(552831,4182184),(552796,4182219),(552754,4182176)
(552556,4183501),(552565,4183450),(552584,4183453),(552576,4183504),(552556,4183501)
(552379,4183572),(552384,4183541),(552401,4183544),(552395,4183575),(552379,4183572)
(552491,4182831),(552519,4182836),(552516,4182852),(552488,4182848),(552491,4182831)
(553489,4182753),(553523,4182787),(553486,4182824),(553452,4182789),(553489,4182753)
(553444,4182674),(553433,4182693),(553419,4182686),(553430,4182666),(553444,4182674)
(552760,4183085),(552752,4183132),(552714,4183126),(552722,4183079),(552760,4183085)
(553018,4182696),(553052,4182730),(553032,4182750),(552998,4182715),(553018,4182696)
(552643,4182003),(552722,4182096),(552677,4182134),(552598,4182041),(552643,4182003)
(553494,4183066),(553455,4183028),(553473,4183011),(553511,4183049),(553494,4183066)
(552482,4183032),(552473,4183086),(552426,4183078),(552435,4183024),(552482,4183032)
(552813,4182488),(552800,4182501),(552778,4182479),(552791,4182466),(552813,4182488)
(552519,4182704),(552488,4182698),(552493,4182669),(552524,4182674),(552519,4182704)
(552430,4182708),(552424,4182754),(552403,4182751),(552410,4182705),(552430,4182708)
(552457,4182500),(552435,4182497),(552443,4182450),(552465,4182453),(552457,4182500)
(552875,4183364),(552870,4183391),(552843,4183386),(552847,4183360),(552875,4183364)
(553171,4182923),(553143,4182952),(553116,4182926),(553145,4182897),(553171,4182923)
(552559,4183474),(552508,4183466),(552512,4183441),(552563,4183449),(552559,4183474)
(552474,4182711),(552446,4182706),(552449,4182689),(552477,4182693),(552474,4182711)
(552790,4182312),(552748,4182354),(552722,4182327),(552764,4182286),(552790,4182312)
(552849,4182892),(552845,4182916),(552806,4182909),(552810,4182886),(552849,4182892)
(552707,4182601),(552698,4182655),(552664,4182650),(552673,4182596),(552707,4182601)
(552537,4182724),(552545,4182678),(552587,4182685),(552579,4182731),(552537,4182724)
(553001,4182691),(552971,4182660),(552984,4182648),(553014,4182679),(553001,4182691)
(552988,4183075),(552979,4183127),(552927,4183118),(552936,4183066),(552988,4183075)
(552502,4182611),(552544,4182618),(552536,4182668),(552494,4182661),(552502,4182611)
(552782,4183291),(552730,4183282),(552738,4183234),(552790,4183243),(552782,4183291)
(553080,4183715),(553066,4183733),(553048,4183720),(553062,4183702),(553080,4183715)
(552704,4183430),(552757,4183439),(552752,4183470),(552699,4183461),(552704,4183430)
(553045,4182569),(553085,4182609),(553043,4182651),(553003,4182611),(553045,4182569)
(552517,4182178),(552504,4182191),(552492,4182179),(552505,4182166),(552517,4182178)
(552349,4183535),(552378,4183540),(552376,4183557),(552347,4183552),(552349,4183535)
(552465,4183420),(552505,4183427),(552503,4183444),(552463,4183437),(552465,4183420)
(552530,4183334),(552561,4183340),(552557,4183359),(552527,4183353),(552530,4183334)
(553148,4182434),(553123,4182459),(553112,4182447),(553136,4182423),(553148,4182434)
(552657,4182369),(552674,4182352),(552689,4182367),(552672,4182384),(552657,4182369)
(553409,4183148),(553387,4183126),(553405,4183108),(553427,4183130),(553409,4183148)
(552859,4182894),(552909,4182903),(552903,4182940),(552852,4182932),(552859,4182894)
(552493,4183195),(552542,4183203),(552535,4183245),(552486,4183237),(552493,4183195)
(552580,4183334),(552577,4183351),(552550,4183347),(552552,4183330),(552580,4183334)
(552437,4182757),(552442,4182727),(552471,4182732),(552466,4182762),(552437,4182757)
(552234,4182502),(552238,4182482),(552251,4182484),(552248,4182504),(552234,4182502)
(552470,4182473),(552513,4182480),(552509,4182509),(552465,4182502),(552470,4182473)
(552829,4182221),(552844,4182236),(552821,4182259),(552806,4182245),(552829,4182221)
(552454,4182653),(552358,4182637),(552367,4182586),(552462,4182602),(552454,4182653)
(552813,4182251),(552855,4182209),(552868,4182222),(552826,4182264),(552813,4182251)
(552482,4182738),(552514,4182743),(552511,4182760),(552479,4182755),(552482,4182738)
(552431,4183421),(552408,4183442),(552394,4183426),(552417,4183405),(552431,4183421)
(553116,4182472),(553168,4182524),(553128,4182565),(553076,4182513),(553116,4182472)
(552524,4183370),(552556,4183375),(552552,4183400),(552520,4183395),(552524,4183370)
(552914,4182199),(552890,4182223),(552874,4182206),(552898,4182183),(552914,4182199)
(553259,4183155),(553247,4183229),(553148,4183212),(553160,4183138),(553259,4183155)
(553161,4183015),(553226,4183082),(553212,4183095),(553147,4183029),(553161,4183015)
(552569,4183404),(552542,4183399),(552546,4183374),(552573,4183378),(552569,4183404)
(552481,4182357),(552509,4182329),(552528,4182348),(552499,4182376),(552481,4182357)
(553010,4182703),(553042,4182672),(553077,4182707),(553045,4182739),(553010,4182703)
(552735,4183631),(552744,4183580),(552795,4183588),(552786,4183639),(552735,4183631)
(552988,4182512),(553004,4182528),(552962,4182570),(552946,4182554),(552988,4182512)
(552917,4183121),(552912,4183146),(552876,4183139),(552880,4183114),(552917,4183121)
(552549,4183457),(552510,4183451),(552513,4183435),(552552,4183441),(552549,4183457)
(552926,4183122),(552979,4183131),(552972,4183170),(552919,4183161),(552926,4183122)
(552783,4183600),(552792,4183545),(552843,4183554),(552834,4183608),(552783,4183600)
(552377,4183550),(552381,4183524),(552397,4183526),(552393,4183553),(552377,4183550)
(552639,4182684),(552649,4182625),(552708,4182635),(552698,4182694),(552639,4182684)
(552219,4182615),(552224,4182589),(552259,4182595),(552254,4182621),(552219,4182615)
(552551,4182525),(552517,4182520),(552520,4182499),(552555,4182504),(552551,4182525)
(552453,4183107),(552448,4183135),(552433,4183132),(552437,4183104),(552453,4183107)
(552535,4183555),(552544,4183504),(552569,4183508),(552561,4183559),(552535,4183555)
(552852,4182401),(552876,4182426),(552847,4182454),(552823,4182430),(552852,4182401)
(553371,4182733),(553338,4182766),(553310,4182739),(553343,4182705),(553371,4182733)
(553191,4182936),(553168,4182912),(553187,4182894),(553210,4182917),(553191,4182936)
(552876,4183103),(552869,4183151),(552818,4183143),(552825,4183095),(552876,4183103)
(552562,4183330),(552559,4183350),(552528,4183344),(552532,4183325),(552562,4183330)
(553483,4183001),(553521,4183039),(553504,4183057),(553466,4183019),(553483,4183001)
(553035,4182285),(553077,4182244),(553144,4182312),(553102,4182353),(553035,4182285)
(552554,4183465),(552548,4183500),(552531,4183497),(552537,4183462),(552554,4183465)
(552530,4182772),(552478,4182764),(552486,4182715),(552538,4182724),(552530,4182772)
(552429,4183520),(552435,4183486),(552452,4183489),(552447,4183522),(552429,4183520)
(552926,4183066),(552918,4183114),(552895,4183110),(552903,4183062),(552926,4183066)
(553244,4182695),(553209,4182660),(553232,4182637),(553267,4182672),(553244,4182695)
(552309,4182504),(552314,4182475),(552332,4182479),(552326,4182507),(552309,4182504)
(552742,4183224),(552703,4183217),(552710,4183179),(552749,4183186),(552742,4183224)
(552973,4182415),(552949,4182438),(552937,4182426),(552961,4182402),(552973,4182415)
(552702,4183481),(552657,4183473),(552660,4183452),(552705,4183460),(552702,4183481)
(552322,4182585),(552331,4182536),(552362,4182541),(552354,4182590),(552322,4182585)
(552327,4182642),(552319,4182691),(552293,4182687),(552302,4182638),(552327,4182642)
(553087,4183458),(553094,4183410),(553155,4183419),(553148,4183467),(553087,4183458)
(553136,4182264),(553159,4182241),(553177,4182259),(553154,4182282),(553136,4182264)
(552484,4182660),(552451,4182654),(552456,4182625),(552489,4182631),(552484,4182660)
(552504,4182536),(552477,4182531),(552480,4182516),(552506,4182520),(552504,4182536)
(552449,4183383),(552453,4183353),(552483,4183357),(552478,4183387),(552449,4183383)
(552718,4183493),(552712,4183527),(552689,4183523),(552694,4183489),(552718,4183493)
(552543,4183466),(552560,4183468),(552554,4183501),(552538,4183498),(552543,4183466)
(552382,4182222),(552399,4182238),(552382,4182256),(552365,4182239),(552382,4182222)
(552918,4183459),(552922,4183435),(552968,4183443),(552964,4183467),(552918,4183459)
(552688,4182984),(552693,4182959),(552730,4182965),(552726,4182990),(552688,4182984)
(553077,4183119),(553129,4183128),(553122,4183166),(553070,4183157),(553077,4183119)
(552704,4182962),(552695,4183014),(552651,4183006),(552660,4182955),(552704,4182962)
(552957,4182679),(552920,4182716),(552885,4182681),(552922,4182644),(552957,4182679)
(552914,4182078),(552884,4182048),(552926,4182007),(552956,4182037),(552914,4182078)
(552937,4182998),(552928,4183051),(552886,4183044),(552895,4182991),(552937,4182998)
(552431,4183228),(552400,4183223),(552404,4183200),(552434,4183205),(552431,4183228)
(552986,4182655),(553007,4182635),(553033,4182661),(553012,4182682),(552986,4182655)
(552419,4182494),(552427,4182447),(552453,4182451),(552446,4182498),(552419,4182494)
(552648,4181920),(552671,4181945),(552647,4181969),(552623,4181944),(552648,4181920)
(552670,4183567),(552733,4183578),(552727,4183614),(552664,4183603),(552670,4183567)
(553427,4182673),(553418,4182689),(553402,4182680),(553411,4182664),(553427,4182673)
(552658,4183121),(552702,4183129),(552697,4183157),(552653,4183149),(552658,4183121)
(553064,4182312),(553083,4182331),(553039,4182374),(553020,4182355),(553064,4182312)
(552611,4182798),(552595,4182890),(552530,4182878),(552546,4182787),(552611,4182798)
(552972,4182134),(552912,4182073),(552946,4182040),(553006,4182100),(552972,4182134)
(552399,4182654),(552394,4182682),(552375,4182679),(552379,4182651),(552399,4182654)
(552271,4182559),(552254,4182557),(552259,4182525),(552276,4182527),(552271,4182559)
(553136,4182578),(553179,4182536),(553245,4182602),(553202,4182645),(553136,4182578)
(552635,4182652),(552577,4182642),(552584,4182601),(552642,4182612),(552635,4182652)
(552775,4182527),(552755,4182507),(552773,4182489),(552793,4182509),(552775,4182527)
(552630,4182896),(552638,4182851),(552672,4182857),(552665,4182901),(552630,4182896)
(552963,4182907),(553036,4182919),(553029,4182962),(552956,4182950),(552963,4182907)
(552333,4182528),(552341,4182479),(552372,4182484),(552364,4182533),(552333,4182528)
(552645,4182945),(552650,4182910),(552671,4182914),(552665,4182948),(552645,4182945)
(552651,4183022),(552692,4183029),(552684,4183074),(552643,4183067),(552651,4183022)
(552607,4183415),(552638,4183420),(552633,4183448),(552602,4183443),(552607,4183415)
(552533,4183065),(552565,4183070),(552560,4183100),(552527,4183094),(552533,4183065)
(552483,4183464),(552479,4183488),(552462,4183485),(552466,4183462),(552483,4183464)
(552520,4183099),(552513,4183145),(552483,4183140),(552491,4183094),(552520,4183099)
(552623,4183164),(552631,4183117),(552658,4183122),(552650,4183169),(552623,4183164)
(552429,4183228),(552436,4183185),(552469,4183190),(552461,4183233),(552429,4183228)
(552390,4183543),(552418,4183548),(552414,4183578),(552386,4183573),(552390,4183543)
(552269,4182312),(552358,4182326),(552349,4182380),(552260,4182366),(552269,4182312)
(552730,4183282),(552752,4183285),(552746,4183325),(552723,4183321),(552730,4183282)
(552900,4183562),(552888,4183636),(552842,4183628),(552855,4183554),(552900,4183562)
(553099,4182614),(553149,4182665),(553101,4182712),(553051,4182661),(553099,4182614)
(552501,4183451),(552465,4183445),(552468,4183427),(552504,4183434),(552501,4183451)
(552856,4182377),(552831,4182403),(552810,4182382),(552835,4182357),(552856,4182377)
(552555,4183434),(552560,4183407),(552584,4183411),(552580,4183438),(552555,4183434)
(553129,4182430),(553146,4182412),(553158,4182424),(553141,4182441),(553129,4182430)
(552467,4183454),(552500,4183460),(552497,4183477),(552465,4183472),(552467,4183454)
(552633,4183538),(552603,4183534),(552606,4183515),(552636,4183519),(552633,4183538)
(553016,4183385),(553011,4183413),(552993,4183410),(552998,4183382),(553016,4183385)
(553070,4182489),(553043,4182463),(553075,4182431),(553101,4182457),(553070,4182489)
(552575,4183361),(552548,4183357),(552551,4183337),(552578,4183341),(552575,4183361)
(553469,4182572),(553520,4182623),(553494,4182649),(553443,4182598),(553469,4182572)
(552593,4182200),(552663,4182128),(552722,4182186),(552652,4182257),(552593,4182200)
(552452,4182712),(552445,4182758),(552413,4182753),(552421,4182706),(552452,4182712)
(552925,4183373),(552920,4183399),(552893,4183395),(552897,4183368),(552925,4183373)
(552260,4182621),(552268,4182574),(552293,4182579),(552284,4182625),(552260,4182621)
(552760,4183482),(552852,4183498),(552844,4183548),(552752,4183533),(552760,4183482)
(552842,4183625),(552890,4183632),(552886,4183656),(552838,4183648),(552842,4183625)
(553569,4182703),(553551,4182685),(553575,4182661),(553593,4182679),(553569,4182703)
(552787,4181866),(552906,4181987),(552791,4182101),(552672,4181980),(552787,4181866)
(552455,4183137),(552438,4183134),(552443,4183104),(552461,4183107),(552455,4183137)
(552738,4183554),(552701,4183548),(552704,4183530),(552741,4183536),(552738,4183554)
(552498,4183471),(552453,4183459),(552461,4183431),(552505,4183442),(552498,4183471)
(552714,4183432),(552710,4183455),(552692,4183452),(552696,4183429),(552714,4183432)
(552403,4182540),(552373,4182535),(552378,4182506),(552407,4182510),(552403,4182540)
(553053,4182579),(553011,4182620),(552981,4182588),(553023,4182548),(553053,4182579)
(552364,4183509),(552370,4183475),(552391,4183478),(552385,4183512),(552364,4183509)
(552382,4183529),(552351,4183524),(552358,4183485),(552388,4183490),(552382,4183529)
(552315,4182533),(552341,4182538),(552333,4182585),(552307,4182581),(552315,4182533)
(552474,4182521),(552505,4182525),(552501,4182555),(552469,4182550),(552474,4182521)
(552846,4183233),(552860,4183235),(552854,4183269),(552841,4183267),(552846,4183233)
(553157,4183436),(553155,4183455),(553140,4183453),(553143,4183434),(553157,4183436)
(552846,4182721),(552800,4182674),(552838,4182637),(552884,4182684),(552846,4182721)
(552584,4182945),(552577,4182990),(552533,4182983),(552540,4182938),(552584,4182945)
(552507,4183163),(552502,4183191),(552482,4183188),(552486,4183160),(552507,4183163)
(552789,4182988),(552782,4183028),(552731,4183019),(552737,4182980),(552789,4182988)
(552559,4183574),(552554,4183600),(552534,4183597),(552539,4183570),(552559,4183574)
(552516,4182261),(552445,4182326),(552393,4182270),(552463,4182204),(552516,4182261)
(552663,4183423),(552706,4183429),(552702,4183454),(552659,4183447),(552663,4183423)
(552467,4182559),(552458,4182611),(552431,4182607),(552440,4182554),(552467,4182559)
(552406,4182520),(552378,4182516),(552382,4182493),(552410,4182498),(552406,4182520)
(552898,4182147),(552856,4182189),(552844,4182176),(552886,4182135),(552898,4182147)
(552549,4183537),(552497,4183529),(552502,4183497),(552554,4183505),(552549,4183537)
(552864,4182660),(552814,4182611),(552852,4182573),(552901,4182622),(552864,4182660)
(552824,4183098),(552827,4183079),(552861,4183084),(552857,4183103),(552824,4183098)
(553030,4182748),(553074,4182704),(553108,4182739),(553064,4182782),(553030,4182748)
(552977,4183164),(552991,4183084),(553025,4183090),(553012,4183169),(552977,4183164)
(552779,4182673),(552774,4182707),(552742,4182702),(552747,4182668),(552779,4182673)
(552286,4182452),(552248,4182445),(552253,4182418),(552290,4182424),(552286,4182452)
(552619,4183316),(552669,4183324),(552661,4183375),(552610,4183367),(552619,4183316)
(552711,4183426),(552726,4183335),(552772,4183343),(552757,4183434),(552711,4183426)
(552495,4182814),(552522,4182818),(552518,4182845),(552491,4182841),(552495,4182814)
(552439,4183230),(552421,4183227),(552424,4183204),(552443,4183207),(552439,4183230)
(552309,4182423),(552326,4182425),(552317,4182476),(552301,4182473),(552309,4182423)
(552773,4181852),(552718,4181906),(552690,4181877),(552744,4181823),(552773,4181852)
(552322,4182586),(552353,4182591),(552350,4182609),(552319,4182603),(552322,4182586)
(552809,4182608),(552770,4182649),(552752,4182631),(552792,4182591),(552809,4182608)
(552450,4182936),(552459,4182883),(552542,4182896),(552533,4182950),(552450,4182936)
(553009,4182175),(552978,4182143),(553020,4182102),(553051,4182134),(553009,4182175)
(552916,4183131),(552863,4183123),(552866,4183101),(552919,4183109),(552916,4183131)
(552334,4182600),(552328,4182632),(552312,4182629),(552317,4182597),(552334,4182600)
(552519,4183094),(552471,4183086),(552477,4183051),(552525,4183059),(552519,4183094)
(552360,4183473),(552380,4183477),(552376,4183499),(552356,4183495),(552360,4183473)
(552371,4183570),(552376,4183543),(552393,4183546),(552388,4183573),(552371,4183570)
(552682,4183315),(552689,4183275),(552726,4183281),(552719,4183321),(552682,4183315)
(552608,4182997),(552617,4182942),(552664,4182950),(552655,4183005),(552608,4182997)
(552815,4182442),(552831,4182458),(552810,4182478),(552795,4182462),(552815,4182442)
(552443,4183487),(552493,4183496),(552485,4183546),(552434,4183538),(552443,4183487)
(552534,4182517),(552568,4182482),(552601,4182515),(552566,4182549),(552534,4182517)
(553047,4182974),(553032,4183067),(552940,4183052),(552954,4182960),(553047,4182974)
(552809,4181886),(552662,4182058),(552606,4182009),(552753,4181837),(552809,4181886)
(552979,4182785),(552944,4182821),(552918,4182795),(552954,4182760),(552979,4182785)
(552492,4183556),(552521,4183561),(552516,4183595),(552486,4183590),(552492,4183556)
(553178,4182515),(553122,4182458),(553166,4182415),(553222,4182472),(553178,4182515)
(552739,4182561),(552727,4182549),(552740,4182536),(552752,4182548),(552739,4182561)
(552515,4183422),(552555,4183428),(552551,4183451),(552511,4183445),(552515,4183422)
(552435,4182496),(552476,4182502),(552468,4182550),(552427,4182543),(552435,4182496)
(552324,4182478),(552319,4182506),(552296,4182502),(552301,4182474),(552324,4182478)
(552397,4183480),(552392,4183507),(552376,4183505),(552381,4183477),(552397,4183480)
(552559,4183332),(552531,4183327),(552536,4183302),(552564,4183307),(552559,4183332)
(552599,4182731),(552570,4182726),(552577,4182684),(552606,4182688),(552599,4182731)
(552849,4183519),(552801,4183512),(552804,4183490),(552853,4183498),(552849,4183519)
(553033,4182330),(553058,4182307),(553071,4182321),(553046,4182344),(553033,4182330)
(552471,4182731),(552443,4182726),(552446,4182705),(552474,4182710),(552471,4182731)
(552478,4182187),(552496,4182169),(552511,4182185),(552493,4182202),(552478,4182187)
(552665,4183419),(552680,4183327),(552727,4183334),(552712,4183426),(552665,4183419)
(552764,4183086),(552815,4183095),(552807,4183141),(552756,4183133),(552764,4183086)
(553085,4183188),(553089,4183164),(553121,4183170),(553117,4183193),(553085,4183188)
(552833,4182272),(552818,4182257),(552841,4182234),(552856,4182249),(552833,4182272)
(552568,4183059),(552516,4183051),(552525,4182998),(552577,4183007),(552568,4183059)
(552528,4181963),(552751,4183657)