(550000,4180000),(560000,4180000),(560000,4190000),(550000,4190000)
(552714,4182631),(552645,4182619),(552633,4182688),(552702,4182700),(552714,4182631)
(553207,4182728),(553170,4182690),(553122,4182738),(553159,4182775),(553207,4182728)
(553052,4182970),(552950,4182954),(552934,4183056),(553036,4183072),(553052,4182970)
(552547,4182892),(552454,4182877),(552444,4182940),(552537,4182955),(552547,4182892)
(553116,4182739),(553075,4182697),(553023,4182748),(553064,4182789),(553116,4182739)
(553029,4182278),(552987,4182235),(552936,4182286),(552978,4182328),(553029,4182278)
(552837,4182629),(552805,4182597),(552757,4182644),(552789,4182676),(552837,4182629)
(552912,4183165),(552816,4183148),(552806,4183210),(552901,4183226),(552912,4183165)
(552843,4182948),(552740,4182931),(552729,4182995),(552833,4183013),(552843,4182948)
(552627,4182526),(552571,4182517),(552562,4182570),(552618,4182579),(552627,4182526)
(552623,4183226),(552550,4183214),(552536,4183294),(552609,4183306),(552623,4183226)
(552748,4182708),(552689,4182698),(552680,4182754),(552739,4182763),(552748,4182708)
(552777,4182713),(552728,4182705),(552718,4182766),(552767,4182774),(552777,4182713)
(552820,4183090),(552760,4183080),(552750,4183137),(552811,4183147),(552820,4183090)
(552499,4183233),(552386,4183215),(552377,4183273),(552490,4183291),(552499,4183233)
(552624,4183052),(552576,4183044),(552566,4183104),(552614,4183112),(552624,4183052)
(553150,4183198),(552997,4183173),(552981,4183271),(553134,4183297),(553150,4183198)
(552495,4182988),(552437,4182979),(552427,4183037),(552485,4183047),(552495,4182988)
(552882,4183099),(552821,4183089),(552812,4183147),(552873,4183157),(552882,4183099)
(552863,4182834),(552803,4182823),(552792,4182884),(552853,4182895),(552863,4182834)
(553352,4183121),(553276,4183044),(553213,4183107),(553289,4183183),(553352,4183121)
(552541,4183240),(552482,4183230),(552472,4183288),(552532,4183298),(552541,4183240)
(552659,4183015),(552581,4183002),(552563,4183106),(552641,4183119),(552659,4183015)
(552993,4183071),(552932,4183060),(552921,4183122),(552983,4183133),(552993,4183071)
(552736,4182961),(552689,4182953),(552683,4182988),(552730,4182996),(552736,4182961)
(552790,4183038),(552726,4183028),(552716,4183084),(552780,4183095),(552790,4183038)
(553045,4183181),(552893,4183155),(552876,4183259),(553027,4183285),(553045,4183181)
(552778,4183084),(552748,4183079),(552743,4183112),(552773,4183117),(552778,4183084)
(552698,4183025),(552647,4183016),(552637,4183071),(552688,4183079),(552698,4183025)
(552710,4182958),(552656,4182949),(552646,4183010),(552699,4183019),(552710,4182958)
(553042,4182914),(552959,4182901),(552951,4182954),(553033,4182967),(553042,4182914)
(552777,4183098),(552745,4183092),(552737,4183135),(552769,4183141),(552777,4183098)
(552565,4183102),(552507,4183092),(552497,4183147),(552556,4183157),(552565,4183102)
(552928,4183268),(552870,4183258),(552854,4183350),(552912,4183360),(552928,4183268)
(553191,4182816),(553150,4182774),(553085,4182838),(553126,4182880),(553191,4182816)
(553563,4182912),(553486,4182835),(553417,4182903),(553495,4182980),(553563,4182912)
(553329,4182680),(553286,4182637),(553234,4182690),(553276,4182733),(553329,4182680)
(553219,4182943),(553173,4182897),(553088,4182980),(553134,4183026),(553219,4182943)
(553385,4182861),(553347,4182823),(553306,4182864),(553344,4182902),(553385,4182861)
(553392,4182925),(553359,4182892),(553316,4182934),(553349,4182967),(553392,4182925)
(553374,4182634),(553332,4182593),(553291,4182636),(553333,4182677),(553374,4182634)
(553693,4182780),(553620,4182706),(553551,4182774),(553624,4182848),(553693,4182780)
(553101,4182905),(553053,4182856),(553010,4182898),(553059,4182947),(553101,4182905)
(552967,4182851),(552888,4182837),(552876,4182912),(552954,4182925),(552967,4182851)
(553419,4183053),(553345,4182978),(553263,4183058),(553336,4183133),(553419,4183053)
(552921,4182871),(552859,4182861),(552852,4182908),(552913,4182918),(552921,4182871)
(553109,4183019),(553047,4183008),(553037,4183070),(553099,4183080),(553109,4183019)
(553355,4183048),(553316,4183008),(553263,4183059),(553302,4183099),(553355,4183048)
(553081,4182865),(553040,4182822),(552997,4182862),(553038,4182905),(553081,4182865)
(553217,4182917),(553187,4182887),(553161,4182912),(553191,4182943),(553217,4182917)
(552949,4182954),(552890,4182944),(552881,4182997),(552941,4183006),(552949,4182954)
(553041,4182812),(552997,4182769),(552939,4182827),(552982,4182870),(553041,4182812)
(552910,4182946),(552846,4182936),(552838,4182983),(552902,4182994),(552910,4182946)
(553252,4182891),(553196,4182835),(553151,4182880),(553207,4182936),(553252,4182891)
(553341,4183109),(553284,4183051),(553243,4183091),(553299,4183149),(553341,4183109)
(552957,4182906),(552895,4182895),(552887,4182943),(552950,4182953),(552957,4182906)
(553358,4182889),(553320,4182851),(553276,4182893),(553314,4182932),(553358,4182889)
(552953,4182746),(552899,4182692),(552851,4182739),(552905,4182794),(552953,4182746)
(553346,4182791),(553295,4182737),(553208,4182821),(553259,4182875),(553346,4182791)
(553122,4182821),(553081,4182780),(553034,4182828),(553074,4182868),(553122,4182821)
(553207,4183249),(553119,4183234),(553107,4183302),(553195,4183317),(553207,4183249)
(553163,4182786),(553119,4182742),(553075,4182786),(553119,4182830),(553163,4182786)
(553094,4183105),(553033,4183094),(553020,4183175),(553081,4183185),(553094,4183105)
(553201,4182901),(553167,4182867),(553131,4182904),(553164,4182937),(553201,4182901)
(553005,4182246),(552961,4182202),(552912,4182251),(552956,4182296),(553005,4182246)
(552523,4182261),(552463,4182197),(552386,4182269),(552445,4182333),(552523,4182261)
(552633,4182700),(552594,4182694),(552583,4182764),(552621,4182770),(552633,4182700)
(552762,4182278),(552704,4182219),(552654,4182268),(552713,4182327),(552762,4182278)
(552697,4182594),(552651,4182586),(552642,4182639),(552688,4182647),(552697,4182594)
(553092,4182609),(553045,4182562),(552996,4182611),(553043,4182658),(553092,4182609)
(552595,4182726),(552530,4182715),(552519,4182775),(552585,4182787),(552595,4182726)
(552803,4182602),(552759,4182556),(552714,4182600),(552758,4182646),(552803,4182602)
(552507,4182289),(552479,4182261),(552428,4182312),(552456,4182340),(552507,4182289)
(552526,4182144),(552458,4182076),(552336,4182197),(552404,4182265),(552526,4182144)
(552877,4182310),(552832,4182263),(552783,4182310),(552828,4182357),(552877,4182310)
(552924,4182545),(552885,4182506),(552832,4182560),(552870,4182598),(552924,4182545)
(552984,4182267),(552966,4182248),(552939,4182275),(552957,4182294),(552984,4182267)
(552615,4182301),(552560,4182245),(552504,4182300),(552559,4182356),(552615,4182301)
(553003,4182522),(552957,4182475),(552908,4182523),(552955,4182570),(553003,4182522)
(552714,4182334),(552652,4182272),(552603,4182321),(552664,4182383),(552714,4182334)
(552577,4182573),(552507,4182562),(552497,4182618),(552568,4182629),(552577,4182573)
(552617,4182794),(552542,4182781),(552524,4182883),(552599,4182895),(552617,4182794)
(552872,4182770),(552792,4182756),(552783,4182813),(552863,4182826),(552872,4182770)
(552560,4182500),(552516,4182493),(552511,4182524),(552556,4182531),(552560,4182500)
(552827,4182870),(552785,4182863),(552775,4182924),(552817,4182931),(552827,4182870)
(552743,4182531),(552700,4182489),(552651,4182538),(552693,4182580),(552743,4182531)
(552705,4182656),(552680,4182652),(552677,4182674),(552702,4182678),(552705,4182656)
(552705,4182701),(552633,4182689),(552623,4182747),(552695,4182759),(552705,4182701)
(552803,4182878),(552752,4182870),(552745,4182919),(552795,4182927),(552803,4182878)
(552624,4182751),(552586,4182745),(552579,4182785),(552617,4182792),(552624,4182751)
(553060,4182579),(553023,4182541),(552974,4182588),(553011,4182627),(553060,4182579)
(552545,4182371),(552515,4182340),(552485,4182369),(552516,4182400),(552545,4182371)
(552961,4182455),(552872,4182418),(552632,4182992),(552720,4183029),(552961,4182455)
(552817,4182608),(552792,4182584),(552745,4182631),(552770,4182656),(552817,4182608)
(552603,4182579),(552574,4182574),(552558,4182674),(552586,4182679),(552603,4182579)
(552845,4182277),(552806,4182238),(552757,4182286),(552796,4182325),(552845,4182277)
(552891,4182684),(552838,4182630),(552793,4182674),(552846,4182728),(552891,4182684)
(552643,4182638),(552575,4182626),(552566,4182677),(552634,4182689),(552643,4182638)
(552679,4182746),(552625,4182737),(552616,4182792),(552670,4182801),(552679,4182746)
(552712,4182532),(552685,4182504),(552651,4182537),(552678,4182565),(552712,4182532)
(552636,4182688),(552596,4182681),(552590,4182714),(552631,4182720),(552636,4182688)
(552588,4182522),(552545,4182515),(552537,4182566),(552580,4182573),(552588,4182522)
(552583,4182466),(552523,4182457),(552514,4182513),(552574,4182523),(552583,4182466)
(552981,4182651),(552946,4182617),(552916,4182647),(552950,4182681),(552981,4182651)
(552608,4182515),(552568,4182475),(552526,4182517),(552566,4182556),(552608,4182515)
(552838,4182184),(552789,4182135),(552747,4182176),(552796,4182226),(552838,4182184)
(552908,4182622),(552851,4182566),(552807,4182611),(552864,4182667),(552908,4182622)
(553036,4182555),(553000,4182519),(552951,4182567),(552987,4182603),(553036,4182555)
(553022,4182766),(552982,4182725),(552940,4182766),(552980,4182808),(553022,4182766)
(553156,4182665),(553099,4182607),(553044,4182661),(553101,4182719),(553156,4182665)
(552712,4182597),(552669,4182590),(552658,4182654),(552702,4182661),(552712,4182597)
(552718,4182809),(552678,4182802),(552668,4182864),(552708,4182870),(552718,4182809)
(552549,4182531),(552524,4182527),(552521,4182550),(552545,4182554),(552549,4182531)
(552601,4182895),(552537,4182885),(552527,4182944),(552592,4182954),(552601,4182895)
(552735,4182812),(552699,4182805),(552687,4182867),(552723,4182874),(552735,4182812)
(552544,4182737),(552506,4182731),(552500,4182771),(552538,4182777),(552544,4182737)
(552851,4182552),(552806,4182507),(552755,4182559),(552800,4182603),(552851,4182552)
(552566,4182512),(552513,4182504),(552504,4182563),(552557,4182571),(552566,4182512)
(552771,4182754),(552666,4182736),(552656,4182799),(552761,4182817),(552771,4182754)
(552987,4182785),(552954,4182752),(552911,4182795),(552944,4182828),(552987,4182785)
(552700,4183173),(552620,4183159),(552611,4183212),(552691,4183225),(552700,4183173)
(552557,4183153),(552497,4183142),(552488,4183194),(552548,4183204),(552557,4183153)
(552548,4183199),(552489,4183189),(552480,4183241),(552539,4183251),(552548,4183199)
(552726,4183026),(552678,4183019),(552668,4183078),(552716,4183086),(552726,4183026)
(552804,4183188),(552735,4183177),(552726,4183228),(552795,4183240),(552804,4183188)
(552998,4183399),(552965,4183353),(552856,4183431),(552889,4183477),(552998,4183399)
(552969,4182213),(552935,4182178),(552886,4182227),(552920,4182261),(552969,4182213)
(553051,4182187),(553000,4182136),(552957,4182179),(553008,4182230),(553051,4182187)
(553197,4181960),(553140,4183746)